3226 0 962
3225 0 1775
3223 0 3224
948 0 1556
947 0 1556
3222 0 1556
946 0 981
945 0 3221
944 0 1021
3220 0 952
943 0 2548
942 0 1326
941 0 1035
940 0 1035
3219 0 3218
3217 0 964
3216 0 1260
939 0 3106
938 0 1114
3215 0 2573
3213 0 3214
3211 0 1003
3210 0 1036
937 0 3212
936 0 3212
935 0 1814
934 0 3209
933 0 1035
932 0 1035
931 0 1035
930 0 955
929 0 1035
928 0 1035
927 0 1035
926 0 1035
925 0 1035
924 0 1114
923 0 2574
3208 0 953
3207 0 953
3206 0 953
3205 0 953
3204 0 1227
3203 0 953
3202 0 953
3201 0 953
3200 0 953
3199 0 953
3198 0 953
3197 0 953
3196 0 953
3195 0 953
3194 0 953
3193 0 953
3192 0 953
3191 0 953
3190 0 953
3189 0 953
3188 0 953
3187 0 953
3186 0 1005
921 0 2548
920 0 2548
3183 0 1558
919 0 1114
3182 0 959
918 0 1114
917 0 1114
916 0 959
3181 0 3180
915 0 953
3178 0 3176
3177 0 3176
3175 0 3176
3173 0 992
3172 0 992
3171 0 3169
3170 0 992
914 0 3169
3168 0 953
3167 0 953
913 0 1855
3166 0 3174
3165 0 1897
3164 0 3179
912 0 1032
3163 0 3162
3161 0 3162
3160 0 3159
3158 0 3038
3157 0 3038
3156 0 3038
3155 0 3038
3154 0 3038
3153 0 3038
911 0 3038
3152 0 3038
3151 0 3038
3150 0 3184
3149 0 3184
3148 0 3184
3147 0 3184
3146 0 2095
3145 0 2115
3144 0 3185
3143 0 2096
3142 0 2096
3141 0 2094
3140 0 2094
3139 0 2096
3138 0 2094
3137 0 3136
3135 0 1783
3134 0 1783
3133 0 1033
3132 0 1033
3131 0 1033
3130 0 1033
3129 0 1002
3127 0 3126
3125 0 2197
3124 0 2191
3123 0 2198
910 0 3122
3121 0 3120
3119 0 3128
3118 0 3117
909 0 1036
908 0 1036
907 0 1036
3116 0 3096
3115 0 2020
3114 0 2020
3113 0 1018
906 0 1979
3112 0 1979
3111 0 1979
3110 0 1979
3109 0 1979
3108 0 1979
3107 0 973
905 0 3106
904 0 3106
3105 0 1725
3104 0 3103
903 0 952
902 0 952
3102 0 1730
3101 0 1728
3100 0 1728
3099 0 1728
901 0 3098
3097 0 1730
900 0 952
899 0 952
3095 0 3094
3093 0 1783
3092 0 1783
3091 0 1783
3090 0 3089
898 0 952
3088 0 3085
3087 0 3085
3086 0 3085
3084 0 1864
3083 0 1018
3082 0 1975
3081 0 1975
3080 0 1975
897 0 1975
3079 0 1975
3078 0 949
896 0 1003
3077 0 992
3076 0 992
3075 0 955
895 0 955
3074 0 955
894 0 955
3073 0 955
3072 0 955
3071 0 955
3070 0 955
3069 0 955
3068 0 955
893 0 955
892 0 2548
891 0 1114
890 0 955
889 0 955
3066 0 992
3065 0 953
3064 0 953
3063 0 992
3062 0 953
3061 0 3038
3060 0 992
3059 0 992
3058 0 992
3057 0 992
3056 0 992
3055 0 992
3054 0 992
3053 0 992
3052 0 992
3051 0 992
3050 0 992
3049 0 992
3048 0 992
3047 0 992
3046 0 992
3045 0 992
888 0 981
3044 0 988
887 0 1364
3041 0 953
3040 0 953
3039 0 3015
3037 0 3038
3036 0 1745
3035 0 1745
3034 0 1745
3033 0 949
886 0 955
3032 0 1036
3031 0 955
3030 0 949
3028 0 2506
3027 0 949
3026 0 3025
3024 0 949
3023 0 949
3021 0 992
3020 0 3022
3019 0 976
3018 0 949
3017 0 954
3016 0 3015
885 0 3015
3014 0 1003
884 0 1036
3013 0 1812
3012 0 1812
3011 0 1812
3010 0 1812
3009 0 1812
3008 0 1812
3007 0 1812
3006 0 1812
3005 0 1812
3004 0 1812
3003 0 1812
3002 0 1812
3001 0 1812
3000 0 1812
2999 0 1812
2998 0 1812
2997 0 1812
2996 0 1812
2995 0 1812
2994 0 1812
2993 0 1812
2992 0 1812
2991 0 1812
2990 0 1812
881 0 1364
880 0 2095
879 0 2095
2989 0 2095
878 0 2095
2988 0 2095
877 0 2095
876 0 1812
2987 0 1812
2986 0 1812
2985 0 1812
2984 0 1812
2983 0 1812
2982 0 1812
2981 0 1812
2980 0 1812
2979 0 1812
2978 0 1812
875 0 1812
2977 0 1812
2976 0 1812
2975 0 1812
2974 0 1812
2973 0 1812
2972 0 1812
2971 0 1812
2970 0 1812
2969 0 1003
2968 0 1003
874 0 1003
2967 0 1003
2966 0 1003
873 0 1003
2965 0 1003
2964 0 1003
2963 0 992
2962 0 1365
2961 0 2960
2959 0 3038
2958 0 953
2957 0 2611
2956 0 1812
2955 0 1812
2954 0 1812
872 0 1812
2953 0 1812
2952 0 1812
2951 0 1812
2950 0 1812
2949 0 1812
2948 0 1812
2947 0 1812
2946 0 1812
2945 0 1812
2944 0 1812
2943 0 1812
2942 0 1812
2941 0 1812
2940 0 1812
2939 0 1003
2938 0 1003
2937 0 1003
2936 0 1003
2935 0 1812
2934 0 1812
2933 0 1812
2932 0 1812
2931 0 1812
2930 0 1812
2929 0 1812
2928 0 1812
2927 0 1812
2926 0 1812
871 0 1812
2925 0 1812
2924 0 953
2923 0 953
2922 0 953
2921 0 953
2920 0 953
2919 0 953
2918 0 953
2917 0 953
2916 0 953
2915 0 953
2914 0 953
2913 0 953
2912 0 953
2911 0 953
2910 0 953
2909 0 953
2908 0 953
2907 0 953
2906 0 953
2905 0 953
2904 0 953
2903 0 953
2902 0 953
2901 0 953
2900 0 953
2899 0 953
2898 0 953
2897 0 953
2896 0 953
2895 0 953
2894 0 953
2893 0 953
2892 0 953
2891 0 953
2890 0 953
2889 0 953
2888 0 953
2887 0 953
2886 0 953
2885 0 953
2884 0 953
870 0 1812
2883 0 1812
869 0 1812
868 0 1812
2882 0 1812
2881 0 1812
2880 0 1812
2879 0 1812
2878 0 1812
2877 0 2867
2876 0 2506
2875 0 2506
2874 0 2506
2873 0 953
2872 0 1024
2871 0 1024
2870 0 986
2869 0 953
867 0 3029
866 0 1031
865 0 3029
2868 0 1024
864 0 1003
862 0 1812
2866 0 2864
2865 0 2864
2862 0 992
2861 0 992
2860 0 992
2859 0 992
2858 0 992
2857 0 992
2856 0 992
2855 0 992
2854 0 992
2853 0 992
2852 0 992
2851 0 992
2850 0 992
2849 0 992
2848 0 992
859 0 1035
858 0 1035
857 0 992
2847 0 2842
2846 0 2842
2845 0 2842
856 0 1260
2844 0 2863
2843 0 2842
855 0 2840
2841 0 2840
854 0 2839
2838 0 2837
2836 0 2835
853 0 1035
2834 0 976
852 0 2506
2833 0 951
2832 0 1006
2831 0 1018
2830 0 988
2829 0 1003
851 0 2516
2828 0 1008
2827 0 1010
2826 0 1013
2825 0 1013
2824 0 966
2823 0 1001
2822 0 966
2821 0 1008
2820 0 988
2819 0 988
2818 0 1005
2817 0 988
2816 0 1007
2815 0 1006
2814 0 974
2813 0 1013
2812 0 1007
2811 0 1006
2810 0 1007
2809 0 1018
2808 0 963
2807 0 1008
2806 0 1008
2805 0 1018
2804 0 963
2803 0 988
2802 0 1018
2801 0 1018
2800 0 1018
2799 0 1018
2798 0 1018
2797 0 1018
2796 0 1008
2795 0 1069
2794 0 953
2793 0 988
2792 0 1018
2791 0 950
2790 0 2519
2789 0 1010
2788 0 1031
2787 0 1001
2786 0 953
2785 0 1002
2784 0 950
2783 0 1004
2782 0 1008
2781 0 1006
2780 0 1007
2779 0 1008
2778 0 958
2777 0 2519
2776 0 963
2775 0 963
2774 0 1007
2773 0 953
2772 0 1007
2771 0 1013
2770 0 1006
2769 0 992
2768 0 2519
2767 0 1069
2766 0 951
2765 0 1001
2764 0 1001
2763 0 951
2762 0 1001
2761 0 1125
2760 0 1007
2759 0 1018
2758 0 955
2757 0 980
2756 0 1013
2755 0 1069
2754 0 980
2753 0 1018
2752 0 1013
2751 0 1018
2750 0 1001
2749 0 1001
2748 0 1031
2747 0 953
2746 0 2518
2745 0 1005
2744 0 1001
2743 0 1004
2742 0 2518
2741 0 980
2740 0 992
2739 0 1004
2738 0 989
2737 0 1005
2736 0 1031
2735 0 992
850 0 2560
849 0 959
848 0 2560
847 0 2560
846 0 2560
845 0 2560
844 0 981
2733 0 2734
843 0 1003
842 0 1003
841 0 1003
840 0 1032
2732 0 2129
2731 0 2129
2730 0 2129
2729 0 960
2728 0 960
2727 0 960
2726 0 960
2725 0 960
2724 0 960
2723 0 960
2722 0 960
2721 0 960
2720 0 1114
2719 0 1114
2718 0 960
2717 0 960
2716 0 960
2715 0 960
2714 0 960
2713 0 992
2712 0 1007
2711 0 960
2710 0 1125
2709 0 1125
2708 0 1125
2707 0 1125
2706 0 1125
2705 0 1125
2704 0 1125
2703 0 1125
2702 0 1125
2701 0 1125
2700 0 1125
2699 0 1009
2698 0 955
2697 0 1115
2696 0 1127
2695 0 960
2694 0 960
2693 0 960
2692 0 960
2691 0 960
2690 0 960
2689 0 960
2688 0 960
2687 0 960
2686 0 960
2685 0 960
2684 0 960
2683 0 960
2682 0 1018
2681 0 960
2680 0 960
2679 0 960
2678 0 960
2677 0 960
2676 0 960
2675 0 960
2674 0 960
2673 0 960
2672 0 960
2671 0 960
2670 0 960
2669 0 960
2668 0 960
2667 0 960
2666 0 960
2665 0 2577
2664 0 2577
2663 0 1125
2662 0 960
2661 0 1125
2660 0 960
2659 0 1125
2658 0 960
2657 0 1114
2656 0 960
2655 0 960
2654 0 963
2653 0 1227
2652 0 963
2651 0 1007
2650 0 1227
2649 0 1114
2648 0 1125
2647 0 1007
2646 0 1125
2645 0 1125
2644 0 1007
2643 0 992
2642 0 1326
2641 0 1682
2640 0 1682
2639 0 960
2638 0 1125
2637 0 1682
2636 0 1125
2635 0 1013
2634 0 1125
2633 0 1013
2632 0 1127
2631 0 1127
2630 0 960
2629 0 2129
2628 0 2626
2627 0 960
2625 0 960
2624 0 1035
2623 0 960
2622 0 1035
2621 0 1127
2620 0 950
2619 0 2615
2618 0 950
2617 0 950
2616 0 950
2614 0 1127
2613 0 1033
2612 0 2550
2610 0 2550
2609 0 1114
2608 0 1114
2607 0 1114
2606 0 1127
2605 0 1114
2604 0 1114
2603 0 1114
2602 0 1114
2601 0 1114
2600 0 1114
2599 0 1114
2598 0 1114
2596 0 2550
834 0 2597
833 0 2597
2595 0 1033
2594 0 1014
2593 0 1014
2592 0 992
2591 0 992
2590 0 992
2589 0 992
2588 0 992
2587 0 1070
2586 0 992
830 0 3015
2585 0 1127
2584 0 1127
2583 0 2577
2582 0 2577
2581 0 2577
2580 0 2577
2579 0 2577
2578 0 2577
2576 0 1035
2570 0 2571
2569 0 2571
2568 0 2571
2567 0 2571
2566 0 2572
2565 0 2572
829 0 2571
2564 0 2571
2563 0 2572
828 0 2572
2562 0 2572
2561 0 2571
2559 0 2550
2558 0 2550
2557 0 2550
2556 0 2550
2555 0 2550
2554 0 2550
2553 0 2550
2552 0 2550
2551 0 2550
827 0 2574
2549 0 2571
826 0 2548
822 0 2514
821 0 2514
820 0 2514
2547 0 2546
819 0 2867
2545 0 950
2542 0 950
818 0 2575
2541 0 961
817 0 961
2539 0 2575
2538 0 951
2537 0 951
816 0 2575
815 0 1560
814 0 2540
813 0 2544
2536 0 2544
2535 0 2533
2534 0 2533
812 0 1125
811 0 2544
810 0 2544
809 0 2544
808 0 2543
2532 0 983
2531 0 983
2530 0 1033
2529 0 1033
2528 0 1033
2527 0 1033
2526 0 1033
2525 0 1033
2524 0 1682
806 0 1682
2523 0 1682
2522 0 1033
2521 0 1033
2520 0 1682
805 0 2540
804 0 1682
802 0 2518
801 0 2518
800 0 2517
799 0 1031
798 0 1031
797 0 3043
796 0 981
795 0 981
794 0 2513
793 0 2513
792 0 981
2512 0 1004
2511 0 1004
2510 0 1004
2509 0 1004
2508 0 1004
791 0 2514
790 0 2515
789 0 2515
788 0 2515
787 0 2515
786 0 2513
784 0 1032
780 0 2518
779 0 1031
2507 0 2506
778 0 1031
777 0 1258
776 0 2505
775 0 2457
2504 0 2457
2503 0 2457
2500 0 2456
2499 0 2453
2498 0 2455
2497 0 2453
774 0 2453
2496 0 2456
2495 0 2455
2494 0 2459
2493 0 2459
2492 0 2455
2491 0 2458
2490 0 2458
2489 0 2458
2488 0 2455
2487 0 2457
2486 0 2458
772 0 2457
2485 0 2460
2484 0 2455
2483 0 2462
2482 0 2457
2481 0 2459
2480 0 2459
2479 0 2461
2478 0 2458
770 0 2457
2477 0 2457
2476 0 2455
2475 0 2460
769 0 2454
2474 0 2457
2473 0 2502
2472 0 2455
2471 0 2501
2470 0 2455
2469 0 2459
2468 0 2459
2467 0 2459
768 0 2459
2466 0 2457
2465 0 2458
2464 0 2458
767 0 2457
2463 0 2455
2452 0 2445
2451 0 2445
2450 0 2445
2449 0 2438
2446 0 2440
766 0 2443
2442 0 2441
2434 0 2441
2433 0 2440
2432 0 2435
2431 0 2435
2430 0 2435
2429 0 2435
2428 0 2438
2427 0 2445
765 0 2438
764 0 2443
2426 0 2440
763 0 2437
762 0 2447
761 0 2438
2425 0 2440
2424 0 2440
2423 0 2441
2422 0 2444
2421 0 2435
2420 0 2435
760 0 2440
2419 0 2448
759 0 2438
2418 0 2447
757 0 2440
2417 0 2441
2416 0 2440
2415 0 2438
2414 0 2441
2413 0 2441
2412 0 2441
2411 0 2438
2410 0 2435
2409 0 2435
2408 0 2438
755 0 2439
754 0 2436
2407 0 2436
2406 0 2438
2405 0 2436
2404 0 2385
2402 0 2383
2401 0 2383
2400 0 2383
2399 0 2386
2398 0 2386
2397 0 2392
2396 0 2392
2395 0 2392
2391 0 2390
2388 0 2387
2380 0 2387
2379 0 2383
753 0 2382
2378 0 2386
2377 0 2387
2376 0 2381
752 0 2381
2375 0 2383
2374 0 2385
2373 0 2387
2372 0 2387
2371 0 2393
2370 0 2385
2369 0 2383
2368 0 2383
2367 0 2386
2366 0 2403
2365 0 2387
2364 0 2386
2363 0 2384
2362 0 2386
2361 0 2385
2360 0 2387
2359 0 2389
2358 0 2385
2357 0 2385
751 0 2394
2356 0 2387
750 0 2385
2355 0 2386
2354 0 2385
2353 0 2384
2352 0 2387
2351 0 2381
749 0 2385
2350 0 2333
2349 0 2331
2348 0 2331
2347 0 2331
2346 0 2343
2345 0 2343
2344 0 2343
748 0 2343
2342 0 2333
2341 0 2333
2340 0 2330
2339 0 2330
2338 0 2330
2337 0 2330
2336 0 2330
2326 0 2325
2322 0 2334
2321 0 2334
2320 0 2334
2319 0 2334
2318 0 2332
2317 0 2330
747 0 2327
746 0 2331
2316 0 2331
745 0 2329
2315 0 2330
2314 0 2330
2313 0 2333
744 0 2335
743 0 2328
2312 0 2334
2311 0 2334
2310 0 2331
741 0 2331
2309 0 2333
2308 0 2331
2307 0 2333
2306 0 2324
2305 0 2333
2304 0 2334
2303 0 2334
2302 0 2323
2301 0 2323
2300 0 2323
2299 0 2330
740 0 2324
2294 0 2286
2293 0 2286
739 0 2283
2276 0 2292
738 0 2291
2275 0 2282
2274 0 2286
2273 0 2292
2272 0 2282
2271 0 2282
2270 0 2281
2269 0 2281
2268 0 2282
2267 0 2282
2266 0 2282
2265 0 2289
737 0 2279
736 0 2290
2264 0 2295
735 0 2290
734 0 2281
733 0 2281
2263 0 2278
2262 0 2279
2261 0 2279
2260 0 2292
2259 0 2279
732 0 2292
731 0 2292
2258 0 2282
2257 0 2285
2256 0 2285
730 0 2285
2255 0 2285
2254 0 2285
729 0 2296
728 0 2281
727 0 2281
2253 0 2292
725 0 2292
2252 0 2279
724 0 2292
723 0 2287
2251 0 2291
2250 0 2291
2249 0 2289
2248 0 2289
2247 0 2288
2246 0 2279
722 0 2297
721 0 2280
2245 0 2284
720 0 2298
719 0 2284
2244 0 2286
2243 0 2282
2242 0 2281
2241 0 2277
2240 0 2277
2239 0 2277
2238 0 2292
2237 0 2296
718 0 2279
2236 0 2282
717 0 2233
2229 0 1606
2224 0 2235
715 0 2234
2223 0 2233
2222 0 2226
2221 0 2227
712 0 2231
710 0 2225
2220 0 2226
709 0 2226
708 0 2233
2219 0 2234
706 0 2232
2218 0 2232
2217 0 2232
705 0 2232
704 0 2232
703 0 2232
702 0 2232
701 0 2232
700 0 2232
2216 0 2234
2215 0 2231
699 0 2232
698 0 2232
697 0 2232
2214 0 2234
2213 0 2227
2212 0 2234
2211 0 2227
2210 0 2234
695 0 2230
2209 0 2228
2208 0 2228
2207 0 2228
694 0 2226
693 0 2195
2205 0 2195
2204 0 2195
692 0 2195
691 0 2195
2203 0 2195
690 0 2195
2202 0 2195
689 0 2195
2201 0 2195
688 0 2195
2200 0 2195
2199 0 2195
2187 0 2196
687 0 2197
685 0 2198
683 0 2206
2186 0 2191
682 0 2190
681 0 2192
2185 0 2194
680 0 2198
679 0 2193
2184 0 2198
2183 0 2195
2182 0 2194
2181 0 2194
2180 0 2194
678 0 2198
2179 0 2192
2178 0 2192
2177 0 2192
2176 0 2192
2175 0 2192
2174 0 2192
677 0 2192
675 0 2192
674 0 2192
2173 0 2192
673 0 2191
672 0 2190
671 0 2189
2172 0 2188
2171 0 2188
2170 0 2192
670 0 2196
669 0 2193
2169 0 2188
668 0 2195
2168 0 2192
2167 0 2190
2166 0 2190
2165 0 2192
2164 0 2198
2163 0 2194
2162 0 2195
667 0 2195
2161 0 2195
2160 0 2196
2159 0 2190
666 0 2158
665 0 2155
664 0 2151
663 0 2151
662 0 2148
661 0 2153
2146 0 2158
660 0 2149
2145 0 2154
2144 0 2154
2143 0 2148
659 0 2156
658 0 2157
2142 0 2156
657 0 2158
656 0 2158
655 0 2154
2141 0 2148
2140 0 2152
2139 0 2152
2138 0 2152
654 0 2150
2137 0 2153
653 0 2150
2136 0 2152
2135 0 2154
2134 0 2154
2133 0 2147
2132 0 2147
2131 0 2153
652 0 2154
2130 0 2147
651 0 1003
650 0 1003
649 0 1003
648 0 1003
647 0 1003
646 0 1003
645 0 1003
644 0 1003
643 0 1003
638 0 981
637 0 981
636 0 981
2128 0 952
2127 0 2124
2126 0 2124
635 0 2124
2125 0 2124
634 0 2098
2123 0 2094
633 0 1227
2122 0 2121
2120 0 2084
632 0 1227
2119 0 2094
2118 0 2116
2117 0 2115
2113 0 2114
631 0 2114
2112 0 2114
2111 0 2114
2105 0 2094
2104 0 2102
2103 0 2102
628 0 2101
2100 0 2097
627 0 2098
2099 0 2098
626 0 2096
2091 0 2085
2090 0 2085
2089 0 2085
625 0 2085
624 0 2085
623 0 2102
2081 0 2114
2080 0 2084
2079 0 2114
2078 0 2114
2077 0 2114
2076 0 2102
2075 0 2098
2074 0 2098
2073 0 2098
2072 0 2098
2071 0 2098
622 0 2098
621 0 2092
2070 0 2085
620 0 2083
2069 0 2082
2068 0 2082
619 0 2102
2067 0 2082
2066 0 2110
2065 0 2085
2064 0 2085
2063 0 2108
2062 0 2088
2061 0 2097
2060 0 2108
2059 0 2107
2058 0 2109
2057 0 2107
2056 0 2109
2055 0 2109
2054 0 2097
2053 0 2094
2052 0 2097
2051 0 2107
2050 0 2094
2049 0 2094
2048 0 2094
2047 0 2094
2046 0 2094
2045 0 2094
2044 0 2094
2043 0 2094
2042 0 2094
2041 0 2094
617 0 2094
2040 0 2094
616 0 2094
615 0 2093
614 0 2088
613 0 2087
2039 0 2086
612 0 2086
2038 0 2094
611 0 2094
610 0 2094
609 0 2094
2037 0 2094
2036 0 2094
2035 0 2108
2034 0 2107
2033 0 2086
608 0 2095
2032 0 2088
2031 0 2094
2030 0 2088
2029 0 2094
2028 0 2108
607 0 2097
2027 0 2109
2026 0 2106
2025 0 2109
2024 0 2109
606 0 1976
605 0 2023
2022 0 1975
604 0 2016
2019 0 2016
2018 0 2016
2017 0 2016
2015 0 2006
2014 0 2006
2013 0 2006
2012 0 2006
2011 0 2006
2010 0 2006
2009 0 2006
2008 0 2006
2007 0 2006
603 0 2004
602 0 2004
2005 0 2004
2003 0 2002
601 0 1227
600 0 1998
599 0 1985
2001 0 1998
598 0 1998
2000 0 1999
1997 0 1975
1995 0 1975
1993 0 1990
1992 0 1979
1991 0 1979
1989 0 1977
1988 0 1985
1987 0 1985
1986 0 1985
597 0 1985
596 0 1982
1981 0 1978
595 0 1978
1980 0 1978
1969 0 2006
1968 0 1979
1967 0 2002
1966 0 2002
1965 0 2002
594 0 1979
1964 0 2002
1963 0 1998
1962 0 2004
593 0 2006
1961 0 1979
1960 0 2004
1959 0 1970
1958 0 2004
1957 0 1979
1956 0 2021
592 0 1994
1955 0 2006
1954 0 2006
1953 0 1998
591 0 1971
1952 0 2002
1951 0 2006
1950 0 2021
1949 0 2002
1948 0 2002
590 0 1982
1947 0 1996
1946 0 1996
1945 0 2002
1944 0 1998
1943 0 2002
589 0 1979
1942 0 1994
1941 0 2006
1940 0 1979
588 0 1979
1939 0 2004
587 0 1979
1938 0 1970
1937 0 1975
1936 0 1975
1935 0 1975
1934 0 1975
1933 0 1983
1932 0 1983
1931 0 1972
1930 0 1975
586 0 1978
1929 0 1990
1928 0 1990
1927 0 1982
585 0 1984
1926 0 1983
584 0 1975
583 0 1975
1925 0 1982
1924 0 1982
582 0 1977
581 0 1975
1923 0 1975
1922 0 1975
1921 0 1983
580 0 1990
579 0 1974
1920 0 1975
1919 0 1978
578 0 1982
1918 0 1983
1917 0 1973
576 0 1973
1916 0 1978
575 0 1990
1915 0 1975
1914 0 1983
1913 0 1978
1912 0 1975
1911 0 1977
1910 0 1983
1909 0 1975
1908 0 1975
1907 0 1975
1906 0 1975
1905 0 1975
1904 0 1975
573 0 1975
1903 0 1982
1902 0 1975
572 0 1978
1901 0 1983
1900 0 1973
1899 0 1864
1898 0 1897
571 0 1896
570 0 1874
1895 0 1894
1893 0 1874
1892 0 1886
569 0 1888
1891 0 1888
1890 0 1888
1889 0 1888
1887 0 1877
567 0 1877
566 0 1872
565 0 1877
564 0 1876
563 0 1876
1885 0 1876
1884 0 1876
1883 0 1857
562 0 1857
561 0 1875
560 0 1875
1882 0 1873
1881 0 1875
559 0 1875
1880 0 1875
558 0 1875
557 0 1875
1879 0 1878
555 0 1856
554 0 1227
1869 0 1864
1868 0 1864
1867 0 1864
1866 0 1864
1865 0 1864
1862 0 1860
553 0 1861
1852 0 1871
1851 0 1871
1850 0 1871
1849 0 1871
1848 0 1888
552 0 1888
1847 0 1888
551 0 1864
1846 0 1886
1845 0 1873
550 0 1863
1844 0 1873
549 0 1888
1843 0 1864
1842 0 1860
548 0 1888
1841 0 1871
1840 0 1871
1839 0 1873
1838 0 1873
547 0 1873
1837 0 1860
1836 0 1873
1835 0 1888
1834 0 1886
1833 0 1860
1832 0 1886
1831 0 1878
1830 0 1860
546 0 1860
1829 0 1860
545 0 1871
1828 0 1871
1827 0 1870
1826 0 1870
1825 0 1859
1824 0 1859
543 0 1859
542 0 1888
1823 0 1864
541 0 1864
1822 0 1888
540 0 1821
1820 0 1005
1819 0 1005
1818 0 1005
1817 0 1005
1816 0 1005
537 0 1003
536 0 1003
1815 0 1814
534 0 1682
532 0 1682
531 0 992
530 0 992
529 0 1682
1813 0 1682
1811 0 1781
528 0 1780
527 0 1779
1810 0 1778
1809 0 1778
526 0 952
1808 0 1783
1807 0 1783
1806 0 1783
1805 0 1783
1804 0 1779
525 0 1779
524 0 1779
1803 0 1802
1801 0 1802
1800 0 1802
1799 0 1802
1798 0 1802
1797 0 1802
1796 0 1802
1795 0 1802
1794 0 1802
1793 0 1802
1792 0 1802
1791 0 1802
1790 0 1778
1789 0 1778
1788 0 1778
1787 0 1778
1786 0 1802
1785 0 1802
1784 0 1802
523 0 1778
522 0 1778
521 0 1778
520 0 1778
519 0 1778
1773 0 1782
518 0 1782
1772 0 1776
517 0 1780
1771 0 1776
516 0 1779
1770 0 1776
1769 0 1776
515 0 1781
1768 0 1782
1767 0 1779
514 0 1781
513 0 1777
1766 0 1781
512 0 1776
511 0 1782
509 0 1774
1765 0 1774
1764 0 1774
508 0 1780
1763 0 1783
1762 0 1783
507 0 1778
1761 0 1778
506 0 1778
505 0 1778
1760 0 1778
1759 0 1778
1758 0 1782
1757 0 1782
1756 0 1780
504 0 1780
1755 0 1780
503 0 1780
502 0 1780
1754 0 1780
1753 0 1779
1752 0 1782
501 0 1778
500 0 1780
1751 0 1779
499 0 1780
498 0 1776
497 0 1776
1750 0 1779
1749 0 1780
496 0 1782
1748 0 1003
1747 0 1745
1746 0 1745
1744 0 1730
1743 0 1728
494 0 1728
1742 0 1728
1741 0 1727
1740 0 1733
1739 0 1737
1738 0 1729
1736 0 1724
493 0 1365
1734 0 1668
492 0 1732
1722 0 1724
1721 0 1724
1720 0 1724
1719 0 1728
1718 0 1731
1717 0 1731
1716 0 1729
1715 0 1723
1714 0 1669
1713 0 1728
1712 0 1733
1711 0 1730
491 0 1735
490 0 1731
1710 0 1724
489 0 1724
1709 0 1724
1708 0 1729
1707 0 1730
1706 0 1730
488 0 1728
1705 0 2084
1704 0 1724
1703 0 1728
1702 0 1731
487 0 1728
486 0 1732
1701 0 1731
1700 0 1724
1699 0 1724
1698 0 1724
1697 0 1724
1696 0 1724
485 0 1724
1695 0 1728
483 0 1730
1694 0 1728
1693 0 1731
480 0 1726
1692 0 1724
1691 0 1724
1690 0 1724
1689 0 1731
479 0 1733
478 0 1725
477 0 1729
1688 0 1724
1687 0 1729
1686 0 1729
1685 0 1729
476 0 1730
475 0 1731
473 0 1726
1684 0 1726
1683 0 1729
472 0 1729
471 0 1733
468 0 1682
1681 0 1665
1680 0 1665
1679 0 1665
467 0 1678
1677 0 1661
1676 0 1658
466 0 1669
1675 0 1669
1674 0 1665
465 0 1664
1673 0 1663
1672 0 1661
1671 0 1659
464 0 1661
1670 0 1659
1667 0 1662
463 0 1261
462 0 1261
461 0 1261
460 0 1261
1655 0 1654
459 0 1033
458 0 1668
457 0 1668
456 0 1656
1653 0 1663
1652 0 1663
1651 0 1661
1650 0 1661
455 0 1661
1649 0 1661
1648 0 1661
1647 0 1661
454 0 1656
453 0 1656
452 0 1657
451 0 1659
450 0 1660
1646 0 1661
1645 0 1661
1644 0 1661
1643 0 1661
1642 0 1661
1641 0 1661
1640 0 1661
1639 0 1661
1638 0 1661
449 0 1662
1637 0 1662
1636 0 1662
1635 0 1662
448 0 1662
447 0 1662
1634 0 1662
1633 0 1663
1632 0 1664
1631 0 1664
1630 0 1664
1629 0 1665
446 0 1665
1628 0 1665
445 0 1658
444 0 1663
1627 0 1665
1626 0 1663
1625 0 1663
1624 0 1664
1623 0 1662
443 0 1659
1622 0 1660
1621 0 1666
441 0 1666
439 0 1661
1620 0 1661
438 0 1608
437 0 1608
436 0 1619
435 0 1619
1618 0 1610
432 0 1613
431 0 1613
1617 0 1610
1616 0 1610
1615 0 1610
1614 0 1610
429 0 1610
428 0 1607
427 0 1603
426 0 1603
425 0 1606
424 0 1609
423 0 1611
1602 0 1610
1601 0 1610
1600 0 1612
1599 0 1610
422 0 1605
1598 0 1612
421 0 1612
1597 0 1612
1596 0 1611
420 0 1611
1595 0 1611
1594 0 1610
419 0 1606
1593 0 1609
1592 0 1609
418 0 1609
1591 0 1609
417 0 1609
1590 0 1609
1589 0 1609
1588 0 1609
1587 0 1608
1586 0 1608
1585 0 1608
416 0 1608
1584 0 1608
1583 0 1608
1582 0 1608
1581 0 1608
1580 0 1608
1579 0 1608
415 0 1607
1578 0 1606
414 0 1606
413 0 1604
1577 0 1603
412 0 1603
1576 0 1608
1575 0 1608
411 0 1608
1574 0 1608
1573 0 1608
1572 0 1608
1571 0 1610
410 0 1610
409 0 1603
1570 0 1561
1569 0 1557
408 0 1557
1568 0 1557
1567 0 1557
1566 0 1557
1565 0 1555
407 0 1559
403 0 1555
1563 0 1561
402 0 1552
1550 0 1555
400 0 1555
399 0 1560
1549 0 1555
1548 0 1554
398 0 1551
397 0 1551
1547 0 1551
396 0 1553
1546 0 1554
1545 0 1554
1544 0 1554
1543 0 1554
395 0 1554
394 0 1554
1542 0 1555
1541 0 1555
1540 0 1555
393 0 1555
392 0 1555
1539 0 1561
1538 0 1561
391 0 1561
1537 0 1562
390 0 1562
1536 0 1562
389 0 1559
1535 0 1562
388 0 1552
1534 0 1552
1533 0 1555
1532 0 1555
387 0 1555
1531 0 1555
1530 0 1555
1529 0 1555
1528 0 1555
1527 0 1555
1526 0 1555
1525 0 1555
1524 0 1555
386 0 1557
385 0 1564
1523 0 1555
1522 0 1507
1521 0 1507
384 0 1507
1520 0 1507
1519 0 1507
1518 0 1507
1517 0 1507
1515 0 1505
383 0 1505
1514 0 1505
1513 0 1505
1512 0 1505
382 0 1505
381 0 1365
1502 0 1505
1501 0 1505
1500 0 1505
1499 0 1505
380 0 1505
379 0 1505
1498 0 1516
378 0 1516
1497 0 1508
1496 0 1510
377 0 1510
1495 0 1508
1494 0 1508
1493 0 1508
1492 0 1508
1491 0 1508
1490 0 1508
1489 0 1510
1488 0 1510
376 0 1510
1487 0 1507
1486 0 1506
375 0 1506
1485 0 1506
374 0 1506
373 0 1506
1484 0 1505
1483 0 1505
372 0 1504
1482 0 1505
1481 0 1509
370 0 1509
1480 0 1509
1479 0 1509
1478 0 1509
369 0 1509
368 0 1511
367 0 1503
1477 0 1503
1476 0 1503
1475 0 1507
366 0 1509
1474 0 1505
363 0 1505
1473 0 1457
361 0 1470
360 0 1470
1472 0 1470
1471 0 1470
1469 0 1452
1468 0 1452
1467 0 1452
1466 0 1452
1465 0 1452
359 0 1459
358 0 1456
357 0 959
1464 0 1457
356 0 1227
1463 0 1457
1462 0 1457
1461 0 1457
1453 0 1448
1447 0 1449
355 0 1449
1446 0 1449
1445 0 1353
1444 0 1353
354 0 1454
1443 0 1456
1442 0 1456
1441 0 1456
1440 0 1456
1439 0 1456
1438 0 1456
353 0 1455
1437 0 1455
1436 0 1455
1435 0 1455
1434 0 1455
1433 0 1455
1432 0 1450
1431 0 1452
1430 0 1452
1429 0 1448
1428 0 1448
1427 0 1448
1426 0 1448
1425 0 1448
1424 0 1452
1423 0 1452
1422 0 1448
1421 0 1448
1420 0 1448
1419 0 1452
1418 0 1452
1417 0 1448
1416 0 1448
1415 0 1448
1414 0 1452
1413 0 1452
1412 0 1452
1411 0 1452
1410 0 1452
1409 0 1452
1408 0 1354
352 0 1458
1407 0 1357
1406 0 1357
1405 0 1458
351 0 1458
350 0 1458
1404 0 1357
1403 0 1357
1402 0 1357
1401 0 1357
1400 0 1458
1399 0 1458
1398 0 1458
1397 0 1357
1396 0 1358
1395 0 1358
1394 0 1358
1393 0 1358
1392 0 1358
1391 0 1358
349 0 1457
1390 0 1359
1389 0 1457
1388 0 1457
1387 0 1457
1386 0 1457
1385 0 1451
1384 0 1451
1383 0 1451
1382 0 1451
1381 0 1451
1380 0 1459
348 0 1459
1379 0 1459
347 0 1459
1378 0 1459
1377 0 1360
1376 0 1459
346 0 1460
345 0 1460
1375 0 1353
1374 0 1353
1373 0 1353
1372 0 1353
1371 0 1353
1370 0 1448
1369 0 1505
340 0 1114
338 0 1114
337 0 1365
336 0 1365
335 0 989
334 0 989
333 0 1368
332 0 1364
331 0 1227
330 0 1227
329 0 1227
328 0 1227
327 0 1227
1367 0 1014
1366 0 1014
326 0 1364
325 0 1364
324 0 1261
1363 0 1036
1362 0 1361
322 0 1114
318 0 1326
317 0 1326
316 0 1033
1356 0 1354
1355 0 1354
1351 0 1352
1350 0 1349
1348 0 1347
1346 0 1345
1344 0 1343
313 0 1261
312 0 1261
1342 0 1261
1341 0 1261
1340 0 1031
1339 0 957
1338 0 957
1337 0 1364
1336 0 1141
1335 0 2020
311 0 1033
1334 0 2020
1333 0 1018
1332 0 1141
1331 0 1018
1330 0 1018
1329 0 1018
1328 0 1018
1327 0 1018
1325 0 1018
1324 0 1018
1323 0 989
1322 0 989
1321 0 2020
1320 0 1018
1319 0 1261
309 0 1261
1318 0 957
1317 0 1364
1316 0 957
1315 0 957
1314 0 957
1313 0 957
1312 0 957
1311 0 957
1310 0 1364
1309 0 1261
1308 0 1261
1307 0 1261
1306 0 1261
1305 0 1261
1304 0 1261
308 0 1261
1303 0 1261
1302 0 1261
307 0 1003
1301 0 1261
1300 0 1261
1299 0 1261
1298 0 1261
1297 0 1261
1296 0 956
1295 0 1261
305 0 1261
1294 0 1261
1293 0 1261
1292 0 1261
1291 0 1261
1290 0 1261
304 0 1326
1289 0 1261
1288 0 1261
1287 0 1261
1286 0 1261
1285 0 1261
1284 0 1261
1283 0 1261
1282 0 1261
1281 0 1261
1280 0 1261
1279 0 1261
1278 0 1261
1277 0 1261
1276 0 1261
1275 0 1261
301 0 1261
1274 0 1261
1273 0 1261
1272 0 1261
1271 0 1261
1270 0 1261
1269 0 1261
1268 0 1002
1267 0 1002
1266 0 1002
1265 0 1002
1264 0 1141
1263 0 1127
1262 0 1261
297 0 1260
1259 0 1258
1257 0 1227
1256 0 1227
1255 0 1227
1254 0 1227
1253 0 1227
1252 0 1227
1251 0 1227
1250 0 1227
1249 0 1227
1248 0 1227
1247 0 1227
1246 0 1227
1245 0 1227
1244 0 1227
1243 0 1227
1242 0 1227
1241 0 1227
1240 0 1227
1239 0 1227
1238 0 1227
1237 0 1227
1236 0 1227
1235 0 1227
1234 0 1227
1233 0 1227
1232 0 1227
1231 0 1227
1230 0 1227
1229 0 1227
1228 0 1227
1226 0 2550
1225 0 2550
1224 0 1032
1223 0 1173
1222 0 1032
1221 0 1032
1220 0 1032
1219 0 1032
1218 0 1032
1217 0 1032
1216 0 1032
1215 0 1032
1214 0 1032
1213 0 1032
1212 0 1032
1211 0 1032
1210 0 1033
1209 0 1033
1208 0 1033
1207 0 1033
1206 0 1033
1205 0 1033
1204 0 1033
1203 0 1033
1202 0 1033
1201 0 1033
1200 0 1033
1199 0 1033
1198 0 1033
1197 0 1033
1196 0 1033
1195 0 1033
1194 0 1033
1193 0 1033
1192 0 1173
1191 0 1033
1190 0 1033
1189 0 1033
1188 0 1033
1187 0 1173
1186 0 1033
1185 0 1033
1184 0 1033
1183 0 1033
1182 0 1033
1181 0 1033
1180 0 1033
1179 0 1033
1178 0 1033
1177 0 1033
1176 0 1033
1175 0 1033
1174 0 1033
1172 0 1018
1171 0 988
1170 0 1127
1169 0 1127
1168 0 1127
1167 0 1127
1166 0 1127
1165 0 1127
1164 0 1127
1163 0 1127
1162 0 1127
296 0 1002
1161 0 1127
1160 0 1127
1159 0 1127
1158 0 1127
1157 0 1127
1156 0 1127
1155 0 1127
1154 0 1127
1153 0 1127
1152 0 1127
1151 0 1127
1150 0 1127
1149 0 1127
1148 0 1127
1147 0 1127
1146 0 1127
1145 0 1018
1144 0 1141
1143 0 1127
1142 0 976
295 0 992
1140 0 988
1139 0 1127
1138 0 1018
1137 0 1018
1136 0 1032
1135 0 1134
1133 0 1132
1131 0 1018
1130 0 1129
1128 0 1127
1124 0 1004
1123 0 1004
1122 0 1004
1121 0 1004
1120 0 1035
1119 0 1035
1118 0 1035
1117 0 1115
1116 0 1115
288 0 952
1113 0 1107
1112 0 1107
1111 0 1107
1110 0 1107
1109 0 1107
1108 0 1107
1106 0 987
1105 0 987
1104 0 987
1103 0 987
285 0 989
1102 0 987
1101 0 980
1100 0 974
1099 0 987
284 0 974
1098 0 974
1097 0 987
1096 0 987
283 0 974
279 0 1003
278 0 1003
277 0 1003
276 0 1003
1095 0 1003
1094 0 1003
1093 0 1003
1092 0 1003
1091 0 1003
275 0 1003
1090 0 1003
1089 0 1003
1088 0 1003
274 0 1003
273 0 1003
272 0 1003
271 0 1003
270 0 1003
268 0 1031
267 0 977
266 0 977
265 0 977
1087 0 1459
264 0 977
263 0 1854
261 0 977
258 0 1061
255 0 975
254 0 1086
253 0 1085
252 0 1085
251 0 1085
250 0 1085
249 0 1085
247 0 1855
246 0 1855
1084 0 1855
1083 0 1858
245 0 1855
244 0 1858
1082 0 1858
243 0 1855
242 0 1858
1081 0 1858
1080 0 1858
1079 0 1858
241 0 1858
240 0 1858
239 0 1856
238 0 1858
237 0 1856
1078 0 1858
236 0 1858
1077 0 1856
1076 0 1858
1075 0 1856
235 0 1858
1074 0 1856
1073 0 1858
234 0 1856
233 0 1857
232 0 1857
231 0 1877
230 0 1857
229 0 1857
1072 0 1853
1071 0 1857
228 0 1854
227 0 1854
226 0 1854
225 0 1068
1066 0 992
1065 0 992
1064 0 992
1063 0 992
221 0 992
1062 0 992
220 0 992
1060 0 992
219 0 992
218 0 992
217 0 992
216 0 992
215 0 992
214 0 992
213 0 992
1059 0 992
212 0 992
209 0 1034
208 0 1034
207 0 1034
206 0 1034
205 0 1034
204 0 1034
1058 0 1034
1057 0 1034
203 0 1034
1056 0 1034
202 0 1034
201 0 1034
200 0 1034
199 0 1034
1055 0 1034
198 0 1034
197 0 1034
196 0 1034
195 0 1034
194 0 1034
1054 0 986
1053 0 986
1052 0 986
1051 0 986
191 0 986
190 0 986
189 0 986
1050 0 986
188 0 986
1049 0 986
1048 0 986
1047 0 986
1046 0 986
1045 0 986
1044 0 986
187 0 986
186 0 986
185 0 986
1043 0 986
1042 0 986
184 0 986
183 0 986
1041 0 986
1040 0 986
1039 0 986
182 0 986
1038 0 986
181 0 986
180 0 1034
179 0 1034
178 0 1034
177 0 1034
176 0 1034
175 0 1034
174 0 984
173 0 1031
172 0 1034
171 0 1034
170 0 1034
169 0 1034
168 0 1034
167 0 1034
166 0 1034
165 0 1034
1030 0 1034
163 0 1034
162 0 1034
160 0 1034
159 0 1034
157 0 1034
156 0 1034
154 0 1034
1029 0 1034
1028 0 1024
1027 0 1024
1026 0 1024
1025 0 1024
1023 0 979
151 0 1003
1022 0 957
150 0 1037
149 0 989
1020 0 983
142 0 992
141 0 992
140 0 963
1019 0 1018
138 0 957
1017 0 1014
1016 0 1014
1015 0 1014
1012 0 1018
1011 0 989
136 0 1003
135 0 1031
134 0 1034
132 0 1034
131 0 1034
130 0 958
1000 0 982
129 0 992
127 0 978
126 0 974
125 0 3042
124 0 3042
123 0 977
122 0 977
120 0 976
115 0 1035
108 0 976
107 0 976
106 0 979
105 0 979
104 0 1031
103 0 986
999 0 985
102 0 981
101 0 992
100 0 1003
99 0 974
998 0 974
98 0 979
97 0 979
96 0 979
997 0 983
996 0 988
995 0 985
94 0 985
91 0 1227
994 0 983
993 0 983
90 0 976
89 0 976
88 0 976
87 0 976
86 0 976
991 0 976
990 0 976
85 0 992
84 0 963
83 0 1067
82 0 989
81 0 989
80 0 989
78 0 989
77 0 989
76 0 978
75 0 2840
74 0 1034
73 0 1032
72 0 1032
71 0 1003
70 0 1003
69 0 1033
68 0 1032
67 0 1003
66 0 1031
65 0 1003
64 0 955
60 0 1031
59 0 1037
57 0 1003
56 0 1036
55 0 3042
54 0 1031
52 0 958
51 0 958
47 0 1036
45 0 1037
44 0 3042
43 0 1034
972 0 979
42 0 979
41 0 979
971 0 950
970 0 957
969 0 957
40 0 979
39 0 1365
38 0 1365
37 0 1365
36 0 1365
34 0 981
33 0 979
32 0 979
31 0 979
30 0 981
968 0 955
29 0 981
28 0 1365
967 0 1003
26 0 959
25 0 979
24 0 1003
23 0 1003
965 0 1126
21 0 1003
20 0 1003
19 0 1003
18 0 1003
17 0 1003
14 0 1031
13 0 3067
10 0 1003
9 0 1003
7 0 1003
6 0 1003
5 0 1003
4 0 1003
3 0 1003
2 0 1003
1 0 1003
0 0 1003
