2784 0 2798
2784 1 3229
2783 0 2959
2783 1 3227
2782 0 3226
2782 1 3233
2781 0 2908
2781 1 3229
2780 0 2908
2780 1 3229
2779 0 2908
2779 1 3229
2778 0 2810
2778 1 3229
2777 0 3225
2777 1 3229
2776 0 2833
2776 1 3227
2775 0 2788
2775 1 3229
2774 0 3168
2774 1 3229
2773 0 2864
2773 1 3229
2772 0 2839
2772 1 3233
2771 0 2839
2771 1 3231
2770 0 3224
2770 1 3230
2769 0 2800
2769 1 3233
2768 0 2862
2768 1 3233
2767 0 3205
2767 1 3233
2766 0 2850
2766 1 3229
2765 0 3173
2765 1 3230
2764 0 3223
2764 1 3232
2763 0 2822
2763 1 3233
2762 0 2840
2762 1 3227
2761 0 3222
2761 1 3233
2760 0 3222
2760 1 3233
2759 0 2970
2759 1 3229
2758 0 3221
2758 1 3229
2757 0 2839
2757 1 3227
2756 0 2839
2756 1 3227
2755 0 2839
2755 1 3227
2754 0 2791
2754 1 3232
2753 0 2839
2753 1 3227
2752 0 2839
2752 1 3227
2751 0 2839
2751 1 3227
2750 0 2839
2750 1 3232
2749 0 2839
2749 1 3232
2748 0 2850
2748 1 3232
2747 0 3174
2747 1 3229
2745 0 2789
2745 1 3227
2744 0 2789
2744 1 3227
2743 0 2789
2743 1 3227
2742 0 2789
2742 1 3227
2741 0 2860
2741 1 3230
2740 0 2789
2740 1 3227
2739 0 2789
2739 1 3227
2738 0 2789
2738 1 3227
2737 0 2789
2737 1 3227
2736 0 2789
2736 1 3227
2735 0 2789
2735 1 3227
2734 0 2789
2734 1 3227
2733 0 2789
2733 1 3227
2732 0 2789
2732 1 3227
2731 0 2789
2731 1 3227
2730 0 2789
2730 1 3227
2729 0 2789
2729 1 3227
2728 0 2789
2728 1 3227
2727 0 2789
2727 1 3227
2726 0 2789
2726 1 3227
2725 0 2789
2725 1 3227
2724 0 2789
2724 1 3227
2723 0 2824
2723 1 3227
2722 0 3168
2722 1 3229
2721 0 3168
2721 1 3229
2720 0 2910
2720 1 3229
2719 0 2850
2719 1 3232
2718 0 2795
2718 1 3233
2717 0 2850
2717 1 3233
2716 0 2850
2716 1 3229
2715 0 2795
2715 1 3233
2714 0 3218
2714 1 3233
2713 0 2789
2713 1 3232
2712 0 3216
2712 1 3233
2711 0 3216
2711 1 3233
2710 0 3216
2710 1 3233
2709 0 2819
2709 1 3233
2708 0 2819
2708 1 3233
2707 0 3214
2707 1 3227
2706 0 2819
2706 1 3233
2705 0 3214
2705 1 3227
2704 0 2789
2704 1 3227
2703 0 2789
2703 1 3227
2702 0 2974
2702 1 3227
2701 0 3215
2701 1 3232
2700 0 2996
2700 1 3227
2699 0 3217
2699 1 3233
2698 0 2836
2698 1 3233
2697 0 3213
2697 1 3233
2696 0 3213
2696 1 3233
2695 0 3212
2695 1 3233
2694 0 3195
2694 1 3232
2693 0 3195
2693 1 3232
2692 0 3195
2692 1 3232
2691 0 3195
2691 1 3232
2690 0 3195
2690 1 3232
2689 0 3195
2689 1 3232
2688 0 3195
2688 1 3232
2687 0 3195
2687 1 3232
2686 0 3195
2686 1 3232
2685 0 3219
2685 1 3227
2684 0 3219
2684 1 3227
2683 0 3219
2683 1 3227
2682 0 3219
2682 1 3227
2681 0 3033
2681 1 3227
2680 0 3045
2680 1 3227
2679 0 3220
2679 1 3227
2678 0 3034
2678 1 3227
2677 0 3034
2677 1 3227
2676 0 3032
2676 1 3227
2675 0 3032
2675 1 3227
2674 0 3034
2674 1 3227
2673 0 3032
2673 1 3227
2672 0 3211
2672 1 3227
2671 0 2967
2671 1 3232
2670 0 2967
2670 1 3232
2669 0 2837
2669 1 3230
2668 0 2837
2668 1 3230
2667 0 2837
2667 1 3230
2666 0 2837
2666 1 3230
2665 0 2821
2665 1 3230
2664 0 3209
2664 1 3232
2663 0 3071
2663 1 3232
2662 0 3065
2662 1 3232
2661 0 3072
2661 1 3232
2660 0 3208
2660 1 3232
2659 0 3207
2659 1 3232
2658 0 3210
2658 1 3233
2657 0 3206
2657 1 3233
2656 0 2840
2656 1 3227
2655 0 2840
2655 1 3227
2654 0 2840
2654 1 3227
2653 0 3202
2653 1 3227
2652 0 3020
2652 1 3230
2651 0 3020
2651 1 3230
2650 0 2832
2650 1 3230
2649 0 3006
2649 1 3232
2648 0 3006
2648 1 3232
2647 0 3006
2647 1 3233
2646 0 3006
2646 1 3232
2645 0 3006
2645 1 3232
2644 0 3006
2644 1 3232
2643 0 2802
2643 1 3230
2642 0 3205
2642 1 3229
2641 0 3205
2641 1 3229
2640 0 2946
2640 1 3227
2639 0 3204
2639 1 3233
2638 0 2788
2638 1 3229
2637 0 2788
2637 1 3229
2636 0 2951
2636 1 3233
2635 0 2949
2635 1 3233
2634 0 2949
2634 1 3233
2633 0 2949
2633 1 3233
2632 0 3203
2632 1 3233
2631 0 2951
2631 1 3233
2630 0 2788
2630 1 3229
2629 0 2788
2629 1 3229
2628 0 3201
2628 1 3227
2627 0 2967
2627 1 3233
2626 0 2967
2626 1 3233
2625 0 2967
2625 1 3233
2624 0 3200
2624 1 3233
2623 0 2788
2623 1 3229
2622 0 3199
2622 1 3232
2621 0 3199
2621 1 3232
2620 0 3199
2620 1 3232
2619 0 2982
2619 1 3232
2618 0 2832
2618 1 3230
2617 0 3002
2617 1 3232
2616 0 3002
2616 1 3232
2615 0 3002
2615 1 3232
2614 0 3002
2614 1 3232
2613 0 3002
2613 1 3232
2612 0 2785
2612 1 3233
2611 0 2822
2611 1 3229
2610 0 2819
2610 1 3232
2609 0 2819
2609 1 3232
2608 0 2791
2608 1 3232
2607 0 2791
2607 1 3232
2606 0 2791
2606 1 3232
2605 0 2791
2605 1 3232
2604 0 2791
2604 1 3232
2603 0 2791
2603 1 3232
2602 0 2791
2602 1 3232
2601 0 2791
2601 1 3232
2600 0 2791
2600 1 3232
2599 0 2791
2599 1 3232
2598 0 2791
2598 1 3232
2597 0 3168
2597 1 3229
2596 0 2850
2596 1 3232
2595 0 2791
2595 1 3232
2594 0 2791
2594 1 3232
2593 0 2819
2593 1 3232
2592 0 2789
2592 1 3233
2591 0 2789
2591 1 3233
2590 0 2819
2590 1 3227
2589 0 2789
2589 1 3233
2588 0 3195
2588 1 3232
2587 0 2819
2587 1 3232
2586 0 2819
2586 1 3232
2585 0 2819
2585 1 3232
2584 0 2819
2584 1 3232
2583 0 2819
2583 1 3232
2582 0 2819
2582 1 3232
2581 0 2819
2581 1 3232
2580 0 2819
2580 1 3232
2579 0 2819
2579 1 3232
2578 0 2819
2578 1 3232
2577 0 2819
2577 1 3232
2576 0 2819
2576 1 3232
2575 0 2819
2575 1 3232
2574 0 2819
2574 1 3232
2573 0 2819
2573 1 3232
2572 0 2819
2572 1 3232
2571 0 2810
2571 1 3233
2570 0 2817
2570 1 3232
2569 0 2877
2569 1 3232
2568 0 2789
2568 1 3232
2567 0 2789
2567 1 3233
2566 0 3191
2566 1 3230
2565 0 3195
2565 1 3232
2564 0 2957
2564 1 3228
2563 0 2957
2563 1 3228
2562 0 2957
2562 1 3228
2561 0 2785
2561 1 3232
2560 0 2791
2560 1 3232
2559 0 2840
2559 1 3233
2558 0 2791
2558 1 3232
2557 0 2785
2557 1 3233
2556 0 3155
2556 1 3233
2555 0 2785
2555 1 3227
2554 0 3193
2554 1 3232
2553 0 2785
2553 1 3232
2552 0 2785
2552 1 3232
2551 0 2819
2551 1 3232
2550 0 3192
2550 1 3232
2549 0 2805
2549 1 3227
2548 0 2785
2548 1 3227
2547 0 2790
2547 1 3230
2546 0 3191
2546 1 3233
2545 0 3191
2545 1 3233
2544 0 2822
2544 1 3227
2543 0 2840
2543 1 3227
2540 0 2969
2540 1 3233
2539 0 2969
2539 1 3233
2538 0 2969
2538 1 3233
2537 0 2969
2537 1 3233
2536 0 2969
2536 1 3233
2535 0 2969
2535 1 3233
2534 0 2969
2534 1 3233
2533 0 2969
2533 1 3233
2532 0 2969
2532 1 3233
2531 0 2969
2531 1 3233
2530 0 2969
2530 1 3233
2529 0 2969
2529 1 3233
2528 0 2969
2528 1 3233
2527 0 2969
2527 1 3233
2526 0 2969
2526 1 3233
2525 0 2969
2525 1 3233
2524 0 2969
2524 1 3233
2523 0 2969
2523 1 3233
2522 0 2969
2522 1 3233
2521 0 2969
2521 1 3233
2520 0 2969
2520 1 3233
2519 0 2969
2519 1 3233
2518 0 2969
2518 1 3233
2517 0 2969
2517 1 3233
2516 0 2877
2516 1 3233
2515 0 3033
2515 1 3227
2514 0 3033
2514 1 3227
2513 0 3033
2513 1 3227
2512 0 3033
2512 1 3227
2511 0 3033
2511 1 3233
2510 0 3033
2510 1 3227
2509 0 2969
2509 1 3233
2508 0 2969
2508 1 3233
2507 0 2969
2507 1 3233
2506 0 2969
2506 1 3233
2505 0 2969
2505 1 3233
2504 0 2969
2504 1 3233
2503 0 2969
2503 1 3233
2502 0 2969
2502 1 3233
2501 0 2969
2501 1 3233
2500 0 2969
2500 1 3233
2499 0 2969
2499 1 3233
2498 0 2969
2498 1 3233
2497 0 2969
2497 1 3233
2496 0 2969
2496 1 3233
2495 0 2969
2495 1 3233
2494 0 2969
2494 1 3233
2493 0 2969
2493 1 3233
2492 0 2969
2492 1 3233
2491 0 2969
2491 1 3233
2490 0 2969
2490 1 3233
2489 0 2822
2489 1 3233
2488 0 2822
2488 1 3233
2487 0 2822
2487 1 3233
2486 0 2822
2486 1 3233
2485 0 2822
2485 1 3233
2484 0 2822
2484 1 3233
2483 0 2822
2483 1 3233
2482 0 2822
2482 1 3233
2481 0 2819
2481 1 3233
2480 0 2878
2480 1 3229
2479 0 3190
2479 1 3227
2478 0 3195
2478 1 3232
2477 0 2789
2477 1 3232
2476 0 3178
2476 1 3232
2475 0 2969
2475 1 3233
2474 0 2969
2474 1 3233
2473 0 2969
2473 1 3233
2472 0 2969
2472 1 3233
2471 0 2969
2471 1 3233
2470 0 2969
2470 1 3233
2469 0 2969
2469 1 3233
2468 0 2969
2468 1 3233
2467 0 2969
2467 1 3233
2466 0 2969
2466 1 3233
2465 0 2969
2465 1 3233
2464 0 2969
2464 1 3233
2463 0 2969
2463 1 3233
2462 0 2969
2462 1 3233
2461 0 2969
2461 1 3233
2460 0 2969
2460 1 3233
2459 0 2969
2459 1 3233
2458 0 2969
2458 1 3233
2457 0 2822
2457 1 3233
2456 0 2822
2456 1 3233
2455 0 2822
2455 1 3233
2454 0 2822
2454 1 3227
2453 0 2969
2453 1 3233
2452 0 2969
2452 1 3233
2451 0 2969
2451 1 3233
2450 0 2969
2450 1 3233
2449 0 2969
2449 1 3233
2448 0 2969
2448 1 3233
2447 0 2969
2447 1 3233
2446 0 2969
2446 1 3233
2445 0 2969
2445 1 3233
2444 0 2969
2444 1 3233
2443 0 2969
2443 1 3233
2442 0 2969
2442 1 3233
2441 0 2789
2441 1 3233
2440 0 2789
2440 1 3233
2439 0 2789
2439 1 3233
2438 0 2789
2438 1 3233
2437 0 2789
2437 1 3233
2436 0 2789
2436 1 3233
2435 0 2789
2435 1 3233
2434 0 2789
2434 1 3233
2433 0 2789
2433 1 3233
2432 0 2789
2432 1 3233
2431 0 2789
2431 1 3233
2430 0 2789
2430 1 3233
2429 0 2789
2429 1 3233
2428 0 2789
2428 1 3233
2427 0 2789
2427 1 3233
2426 0 2789
2426 1 3233
2425 0 2789
2425 1 3233
2424 0 2789
2424 1 3233
2423 0 2789
2423 1 3233
2422 0 2789
2422 1 3233
2421 0 2789
2421 1 3233
2420 0 2789
2420 1 3233
2419 0 2789
2419 1 3233
2418 0 2789
2418 1 3233
2417 0 2789
2417 1 3233
2416 0 2789
2416 1 3233
2415 0 2789
2415 1 3233
2414 0 2789
2414 1 3233
2413 0 2789
2413 1 3233
2412 0 2789
2412 1 3233
2411 0 2789
2411 1 3233
2410 0 2789
2410 1 3233
2409 0 2789
2409 1 3233
2408 0 2789
2408 1 3233
2407 0 2789
2407 1 3233
2406 0 2789
2406 1 3233
2405 0 2789
2405 1 3233
2404 0 2789
2404 1 3233
2403 0 2789
2403 1 3233
2402 0 2789
2402 1 3233
2401 0 2789
2401 1 3233
2400 0 2969
2400 1 3227
2399 0 2969
2399 1 3233
2398 0 2969
2398 1 3233
2397 0 2969
2397 1 3233
2396 0 2969
2396 1 3233
2395 0 2969
2395 1 3233
2394 0 2969
2394 1 3232
2393 0 2969
2393 1 3233
2392 0 2969
2392 1 3233
2391 0 3189
2391 1 3233
2390 0 3155
2390 1 3233
2389 0 3155
2389 1 3233
2388 0 3155
2388 1 3233
2387 0 2789
2387 1 3233
2386 0 2834
2386 1 3232
2385 0 2834
2385 1 3232
2384 0 2815
2384 1 3233
2383 0 2789
2383 1 3233
2382 0 3194
2382 1 3229
2381 0 2835
2381 1 3229
2380 0 3194
2380 1 3229
2379 0 2834
2379 1 3232
2378 0 2822
2378 1 3229
2376 0 2969
2376 1 3227
2373 0 3188
2373 1 3227
2372 0 3188
2372 1 3227
2371 0 2819
2371 1 3232
2370 0 2819
2370 1 3232
2369 0 2819
2369 1 3232
2368 0 2819
2368 1 3232
2367 0 2819
2367 1 3232
2366 0 2819
2366 1 3232
2365 0 2819
2365 1 3232
2364 0 2819
2364 1 3232
2363 0 2819
2363 1 3232
2362 0 2819
2362 1 3232
2361 0 2819
2361 1 3232
2360 0 2819
2360 1 3232
2359 0 2819
2359 1 3232
2358 0 2819
2358 1 3232
2357 0 2819
2357 1 3232
2356 0 2839
2356 1 3233
2355 0 2839
2355 1 3233
2354 0 2819
2354 1 3227
2353 0 3186
2353 1 3232
2352 0 3186
2352 1 3232
2351 0 3186
2351 1 3232
2350 0 2862
2350 1 3232
2349 0 3187
2349 1 3233
2348 0 3186
2348 1 3232
2347 0 3185
2347 1 3227
2346 0 3185
2346 1 3232
2345 0 3184
2345 1 3232
2344 0 3183
2344 1 3233
2343 0 3182
2343 1 3232
2342 0 2839
2342 1 3233
2341 0 2805
2341 1 3232
2340 0 3155
2340 1 3229
2339 0 2787
2339 1 3227
2338 0 2825
2338 1 3227
2337 0 2832
2337 1 3227
2336 0 2817
2336 1 3227
2335 0 2822
2335 1 3230
2334 0 3159
2334 1 3229
2333 0 2827
2333 1 3227
2332 0 2829
2332 1 3227
2331 0 2830
2331 1 3227
2330 0 2830
2330 1 3227
2329 0 2801
2329 1 3233
2328 0 2820
2328 1 3227
2327 0 2801
2327 1 3233
2326 0 2827
2326 1 3227
2325 0 2817
2325 1 3227
2324 0 2817
2324 1 3227
2323 0 2824
2323 1 3227
2322 0 2817
2322 1 3227
2321 0 2826
2321 1 3229
2320 0 2825
2320 1 3227
2319 0 2803
2319 1 3227
2318 0 2830
2318 1 3227
2317 0 2826
2317 1 3227
2316 0 2825
2316 1 3232
2315 0 2826
2315 1 3227
2314 0 2832
2314 1 3227
2313 0 2799
2313 1 3227
2312 0 2827
2312 1 3227
2311 0 2827
2311 1 3227
2310 0 2832
2310 1 3227
2309 0 2799
2309 1 3227
2308 0 2817
2308 1 3227
2307 0 2832
2307 1 3227
2306 0 2832
2306 1 3227
2305 0 2832
2305 1 3227
2304 0 2832
2304 1 3227
2303 0 2832
2303 1 3227
2302 0 2832
2302 1 3227
2301 0 2827
2301 1 3227
2300 0 2845
2300 1 3232
2299 0 2789
2299 1 3227
2298 0 2817
2298 1 3227
2297 0 2832
2297 1 3227
2296 0 2786
2296 1 3227
2295 0 3162
2295 1 3227
2294 0 2829
2294 1 3227
2293 0 2835
2293 1 3229
2292 0 2820
2292 1 3227
2291 0 2789
2291 1 3227
2290 0 2821
2290 1 3227
2289 0 2786
2289 1 3232
2288 0 2823
2288 1 3227
2287 0 2827
2287 1 3227
2286 0 2825
2286 1 3227
2285 0 2826
2285 1 3227
2284 0 2827
2284 1 3227
2283 0 2794
2283 1 3227
2282 0 3162
2282 1 3227
2281 0 2799
2281 1 3227
2280 0 2799
2280 1 3227
2279 0 2826
2279 1 3230
2278 0 2789
2278 1 3227
2277 0 2826
2277 1 3230
2276 0 2830
2276 1 3227
2275 0 2825
2275 1 3227
2274 0 2819
2274 1 3227
2273 0 3162
2273 1 3227
2272 0 2845
2272 1 3227
2271 0 2787
2271 1 3227
2270 0 2820
2270 1 3227
2269 0 2820
2269 1 3227
2268 0 2787
2268 1 3227
2267 0 2820
2267 1 3227
2266 0 2852
2266 1 3227
2265 0 2826
2265 1 3227
2264 0 2832
2264 1 3227
2263 0 2791
2263 1 3227
2262 0 2809
2262 1 3227
2261 0 2830
2261 1 3227
2260 0 2845
2260 1 3227
2259 0 2809
2259 1 3227
2258 0 2832
2258 1 3227
2257 0 2830
2257 1 3227
2256 0 2832
2256 1 3227
2255 0 2820
2255 1 3227
2254 0 2820
2254 1 3227
2253 0 2835
2253 1 3227
2252 0 2789
2252 1 3227
2251 0 3161
2251 1 3227
2250 0 2824
2250 1 3227
2249 0 2820
2249 1 3227
2248 0 2823
2248 1 3227
2247 0 3161
2247 1 3232
2246 0 2809
2246 1 3227
2245 0 2819
2245 1 3227
2244 0 2823
2244 1 3227
2243 0 2818
2243 1 3233
2242 0 2824
2242 1 3227
2241 0 2835
2241 1 3227
2240 0 2819
2240 1 3232
2239 0 3170
2239 1 3229
2238 0 2795
2238 1 3229
2237 0 3170
2237 1 3229
2236 0 3170
2236 1 3229
2235 0 3170
2235 1 3229
2234 0 3170
2234 1 3229
2233 0 2810
2233 1 3229
2232 0 3181
2232 1 3232
2231 0 2822
2231 1 3227
2230 0 2822
2230 1 3227
2229 0 2822
2229 1 3227
2228 0 2836
2228 1 3229
2227 0 3049
2227 1 3230
2226 0 3049
2226 1 3230
2225 0 3049
2225 1 3230
2223 0 2796
2223 1 3230
2222 0 2796
2222 1 3230
2221 0 2796
2221 1 3230
2220 0 2796
2220 1 3230
2219 0 2796
2219 1 3230
2218 0 2796
2218 1 3230
2217 0 2796
2217 1 3230
2216 0 2796
2216 1 3230
2211 0 2796
2211 1 3230
2210 0 2850
2210 1 3230
2209 0 2850
2209 1 3230
2208 0 2796
2208 1 3230
2207 0 2796
2207 1 3230
2206 0 2796
2206 1 3230
2205 0 2796
2205 1 3230
2204 0 2796
2204 1 3230
2203 0 2819
2203 1 3230
2202 0 2826
2202 1 3230
2201 0 2796
2201 1 3230
2200 0 2852
2200 1 3230
2199 0 2852
2199 1 3230
2198 0 2852
2198 1 3230
2197 0 2852
2197 1 3230
2196 0 2852
2196 1 3230
2195 0 2852
2195 1 3230
2194 0 2852
2194 1 3230
2193 0 2852
2193 1 3230
2192 0 2852
2192 1 3230
2191 0 2852
2191 1 3230
2190 0 2852
2190 1 3230
2189 0 2828
2189 1 3230
2188 0 2791
2188 1 3230
2187 0 2851
2187 1 3230
2186 0 2854
2186 1 3230
2185 0 2796
2185 1 3230
2184 0 2796
2184 1 3230
2183 0 2796
2183 1 3230
2182 0 2796
2182 1 3230
2181 0 2796
2181 1 3230
2180 0 2796
2180 1 3230
2179 0 2796
2179 1 3230
2178 0 2796
2178 1 3230
2177 0 2796
2177 1 3230
2176 0 2796
2176 1 3230
2175 0 2796
2175 1 3230
2174 0 2796
2174 1 3230
2173 0 2796
2173 1 3230
2172 0 2832
2172 1 3230
2171 0 2796
2171 1 3230
2170 0 2796
2170 1 3230
2169 0 2796
2169 1 3230
2168 0 2796
2168 1 3230
2167 0 2796
2167 1 3230
2166 0 2796
2166 1 3230
2165 0 2796
2165 1 3230
2164 0 2796
2164 1 3230
2163 0 2796
2163 1 3230
2162 0 2796
2162 1 3230
2161 0 2796
2161 1 3230
2160 0 2796
2160 1 3230
2159 0 2796
2159 1 3230
2158 0 2796
2158 1 3230
2157 0 2796
2157 1 3230
2156 0 2796
2156 1 3230
2155 0 3176
2155 1 3230
2154 0 3176
2154 1 3230
2153 0 2852
2153 1 3230
2152 0 2796
2152 1 3230
2151 0 2852
2151 1 3230
2150 0 2796
2150 1 3230
2149 0 2852
2149 1 3230
2148 0 2796
2148 1 3230
2147 0 2850
2147 1 3230
2146 0 2796
2146 1 3230
2145 0 2796
2145 1 3230
2144 0 2799
2144 1 3230
2143 0 2860
2143 1 3230
2142 0 2799
2142 1 3230
2141 0 2826
2141 1 3230
2140 0 2860
2140 1 3230
2139 0 2850
2139 1 3230
2138 0 2852
2138 1 3230
2137 0 2826
2137 1 3230
2136 0 2852
2136 1 3230
2135 0 2852
2135 1 3230
2134 0 2826
2134 1 3230
2133 0 2819
2133 1 3230
2132 0 2864
2132 1 3230
2131 0 2943
2131 1 3230
2130 0 2943
2130 1 3230
2129 0 2796
2129 1 3230
2128 0 2852
2128 1 3230
2127 0 2943
2127 1 3230
2126 0 2852
2126 1 3230
2125 0 2830
2125 1 3230
2124 0 2852
2124 1 3230
2123 0 2830
2123 1 3230
2122 0 2854
2122 1 3230
2121 0 2854
2121 1 3230
2120 0 2796
2120 1 3230
2119 0 3049
2119 1 3230
2118 0 3180
2118 1 3230
2117 0 2796
2117 1 3230
2116 0 2796
2116 1 3230
2115 0 2839
2115 1 3230
2114 0 2796
2114 1 3230
2113 0 2839
2113 1 3230
2112 0 2854
2112 1 3230
2111 0 2786
2111 1 3230
2110 0 3179
2110 1 3230
2109 0 2786
2109 1 3230
2108 0 2786
2108 1 3230
2107 0 2786
2107 1 3230
2106 0 2854
2106 1 3230
2105 0 2837
2105 1 3230
2104 0 3169
2104 1 3230
2103 0 3169
2103 1 3230
2102 0 2850
2102 1 3230
2101 0 2850
2101 1 3230
2100 0 2850
2100 1 3230
2099 0 2854
2099 1 3230
2098 0 2850
2098 1 3230
2097 0 2850
2097 1 3230
2096 0 2850
2096 1 3230
2095 0 2850
2095 1 3230
2094 0 2850
2094 1 3230
2093 0 2850
2093 1 3230
2092 0 2850
2092 1 3230
2091 0 2850
2091 1 3230
2090 0 3169
2090 1 3230
2089 0 3177
2089 1 3227
2088 0 3177
2088 1 3227
2085 0 2837
2085 1 3230
2084 0 2831
2084 1 3230
2083 0 2831
2083 1 3230
2082 0 2819
2082 1 3230
2081 0 2819
2081 1 3230
2080 0 2819
2080 1 3230
2079 0 2819
2079 1 3230
2078 0 2819
2078 1 3230
2077 0 2846
2077 1 3230
2076 0 2819
2076 1 3230
2075 0 3191
2075 1 3232
2074 0 2854
2074 1 3230
2073 0 2854
2073 1 3230
2072 0 3176
2072 1 3230
2071 0 3176
2071 1 3230
2070 0 3176
2070 1 3230
2069 0 3176
2069 1 3230
2068 0 3176
2068 1 3230
2067 0 3176
2067 1 3230
2066 0 2839
2066 1 3230
2065 0 3171
2065 1 3227
2064 0 3171
2064 1 3227
2063 0 3171
2063 1 3227
2062 0 3171
2062 1 3227
2061 0 3172
2061 1 3227
2060 0 3172
2060 1 3227
2059 0 3171
2059 1 3227
2058 0 3171
2058 1 3227
2057 0 3172
2057 1 3227
2056 0 3172
2056 1 3227
2055 0 3172
2055 1 3227
2054 0 3171
2054 1 3227
2053 0 3169
2053 1 3230
2052 0 3169
2052 1 3230
2051 0 3169
2051 1 3230
2050 0 3169
2050 1 3230
2049 0 3169
2049 1 3230
2048 0 3169
2048 1 3230
2047 0 3169
2047 1 3230
2046 0 3169
2046 1 3230
2045 0 3169
2045 1 3230
2044 0 3174
2044 1 3229
2043 0 3171
2043 1 3227
2042 0 3168
2042 1 3229
2038 0 3157
2038 1 3229
2037 0 3157
2037 1 3229
2036 0 3157
2036 1 3229
2035 0 3167
2035 1 3230
2034 0 3189
2034 1 3227
2033 0 2786
2033 1 3230
2032 0 2786
2032 1 3230
2031 0 3175
2031 1 3227
2030 0 2797
2030 1 3229
2029 0 2797
2029 1 3229
2028 0 3175
2028 1 3227
2027 0 2787
2027 1 3230
2026 0 2787
2026 1 3230
2025 0 3175
2025 1 3227
2024 0 2912
2024 1 3227
2023 0 3164
2023 1 3227
2022 0 3166
2022 1 3227
2021 0 3166
2021 1 3227
2020 0 3163
2020 1 3230
2019 0 3163
2019 1 3230
2018 0 2852
2018 1 3229
2017 0 3166
2017 1 3227
2016 0 3166
2016 1 3227
2015 0 3166
2015 1 3227
2014 0 3165
2014 1 3227
2012 0 2812
2012 1 3230
2011 0 2812
2011 1 3230
2010 0 2837
2010 1 3230
2009 0 2837
2009 1 3230
2008 0 2837
2008 1 3230
2007 0 2837
2007 1 3230
2006 0 2837
2006 1 3230
2005 0 2837
2005 1 3230
2004 0 2943
2004 1 3227
2003 0 2943
2003 1 3227
2002 0 2943
2002 1 3227
2001 0 2837
2001 1 3230
2000 0 2837
2000 1 3230
1999 0 2943
1999 1 3227
1998 0 3164
1998 1 3227
1997 0 2943
1997 1 3227
1995 0 3161
1995 1 3227
1994 0 3161
1994 1 3227
1993 0 3160
1993 1 3229
1992 0 2835
1992 1 3229
1991 0 2835
1991 1 3229
1990 0 3197
1990 1 3229
1989 0 2810
1989 1 3229
1988 0 2810
1988 1 3229
1987 0 3156
1987 1 3227
1986 0 3156
1986 1 3227
1985 0 2810
1985 1 3229
1984 0 2823
1984 1 3230
1983 0 2823
1983 1 3230
1982 0 2823
1982 1 3230
1981 0 2823
1981 1 3230
1980 0 2823
1980 1 3230
1979 0 3157
1979 1 3229
1978 0 3158
1978 1 3229
1977 0 3158
1977 1 3229
1976 0 3158
1976 1 3229
1975 0 3158
1975 1 3229
1974 0 3156
1974 1 3227
1972 0 2836
1972 1 3232
1968 0 3161
1968 1 3227
1967 0 2835
1967 1 3229
1966 0 3155
1966 1 3230
1965 0 2835
1965 1 3229
1964 0 2861
1964 1 3229
1963 0 3154
1963 1 3227
1962 0 3146
1962 1 3227
1961 0 3146
1961 1 3227
1960 0 3146
1960 1 3227
1959 0 3145
1959 1 3227
1958 0 3142
1958 1 3227
1957 0 3144
1957 1 3227
1956 0 3142
1956 1 3227
1955 0 3142
1955 1 3227
1954 0 3145
1954 1 3227
1953 0 3144
1953 1 3227
1951 0 3148
1951 1 3227
1950 0 3148
1950 1 3227
1949 0 3144
1949 1 3227
1948 0 3147
1948 1 3230
1947 0 3147
1947 1 3230
1946 0 3147
1946 1 3230
1945 0 3144
1945 1 3227
1944 0 3146
1944 1 3227
1943 0 3147
1943 1 3230
1942 0 3146
1942 1 3227
1941 0 3149
1941 1 3227
1939 0 3144
1939 1 3227
1938 0 3151
1938 1 3227
1937 0 3146
1937 1 3227
1936 0 3148
1936 1 3227
1935 0 3148
1935 1 3227
1934 0 3150
1934 1 3227
1933 0 3147
1933 1 3230
1932 0 3146
1932 1 3227
1931 0 3146
1931 1 3227
1930 0 3144
1930 1 3227
1929 0 3149
1929 1 3227
1928 0 3143
1928 1 3227
1927 0 3146
1927 1 3227
1926 0 3153
1926 1 3227
1925 0 3144
1925 1 3227
1924 0 3152
1924 1 3227
1923 0 3144
1923 1 3227
1922 0 3148
1922 1 3227
1921 0 3148
1921 1 3227
1920 0 3148
1920 1 3227
1919 0 3148
1919 1 3227
1918 0 3146
1918 1 3227
1917 0 3147
1917 1 3230
1916 0 3147
1916 1 3230
1915 0 3146
1915 1 3227
1914 0 3144
1914 1 3227
1913 0 3139
1913 1 3227
1912 0 3139
1912 1 3227
1911 0 3139
1911 1 3227
1910 0 3133
1910 1 3227
1909 0 3135
1909 1 3227
1908 0 3137
1908 1 3227
1907 0 3136
1907 1 3230
1906 0 3136
1906 1 3230
1905 0 3135
1905 1 3227
1904 0 3130
1904 1 3227
1903 0 3130
1903 1 3227
1902 0 3130
1902 1 3227
1901 0 3130
1901 1 3227
1900 0 3133
1900 1 3227
1899 0 3139
1899 1 3227
1898 0 3133
1898 1 3227
1897 0 3137
1897 1 3227
1896 0 3135
1896 1 3227
1895 0 3132
1895 1 3227
1894 0 3140
1894 1 3227
1893 0 3133
1893 1 3227
1892 0 3135
1892 1 3227
1891 0 3135
1891 1 3227
1890 0 3136
1890 1 3230
1889 0 3138
1889 1 3227
1888 0 3130
1888 1 3227
1887 0 3130
1887 1 3227
1886 0 3135
1886 1 3227
1885 0 3141
1885 1 3227
1884 0 3133
1884 1 3227
1882 0 3140
1882 1 3227
1881 0 3135
1881 1 3227
1880 0 3136
1880 1 3230
1879 0 3135
1879 1 3227
1878 0 3133
1878 1 3227
1877 0 3136
1877 1 3230
1876 0 3136
1876 1 3230
1875 0 3136
1875 1 3230
1874 0 3133
1874 1 3227
1873 0 3130
1873 1 3227
1872 0 3130
1872 1 3227
1870 0 3133
1870 1 3227
1869 0 3134
1869 1 3227
1868 0 3131
1868 1 3227
1867 0 3131
1867 1 3227
1866 0 3133
1866 1 3227
1865 0 3131
1865 1 3227
1864 0 3121
1864 1 3227
1863 0 3119
1863 1 3227
1862 0 3119
1862 1 3227
1861 0 3119
1861 1 3227
1860 0 3122
1860 1 3230
1859 0 3122
1859 1 3230
1858 0 3126
1858 1 3227
1857 0 3126
1857 1 3227
1856 0 3126
1856 1 3227
1855 0 3125
1855 1 3227
1854 0 3123
1854 1 3227
1853 0 3123
1853 1 3227
1852 0 3119
1852 1 3227
1851 0 3118
1851 1 3227
1850 0 3122
1850 1 3230
1849 0 3123
1849 1 3227
1848 0 3117
1848 1 3227
1847 0 3117
1847 1 3227
1846 0 3119
1846 1 3227
1845 0 3121
1845 1 3227
1844 0 3123
1844 1 3227
1843 0 3123
1843 1 3227
1842 0 3127
1842 1 3227
1841 0 3121
1841 1 3227
1840 0 3119
1840 1 3227
1839 0 3119
1839 1 3227
1838 0 3122
1838 1 3230
1837 0 3129
1837 1 3227
1836 0 3123
1836 1 3227
1835 0 3122
1835 1 3230
1834 0 3120
1834 1 3227
1833 0 3122
1833 1 3230
1832 0 3121
1832 1 3227
1831 0 3123
1831 1 3227
1830 0 3124
1830 1 3227
1829 0 3121
1829 1 3227
1828 0 3121
1828 1 3227
1827 0 3128
1827 1 3227
1826 0 3123
1826 1 3227
1825 0 3121
1825 1 3227
1824 0 3122
1824 1 3230
1823 0 3121
1823 1 3227
1822 0 3120
1822 1 3227
1821 0 3123
1821 1 3227
1820 0 3117
1820 1 3227
1819 0 3121
1819 1 3227
1818 0 3113
1818 1 3230
1817 0 3111
1817 1 3227
1816 0 3111
1816 1 3227
1815 0 3111
1815 1 3227
1814 0 3116
1814 1 3227
1813 0 3116
1813 1 3227
1812 0 3116
1812 1 3227
1811 0 3116
1811 1 3227
1810 0 3113
1810 1 3230
1809 0 3113
1809 1 3230
1808 0 3110
1808 1 3227
1807 0 3110
1807 1 3227
1806 0 3110
1806 1 3227
1805 0 3110
1805 1 3227
1804 0 3110
1804 1 3227
1803 0 3106
1803 1 3227
1802 0 3114
1802 1 3227
1801 0 3114
1801 1 3227
1800 0 3114
1800 1 3227
1799 0 3114
1799 1 3227
1798 0 3112
1798 1 3227
1797 0 3110
1797 1 3227
1796 0 3107
1796 1 3227
1795 0 3111
1795 1 3227
1794 0 3111
1794 1 3227
1793 0 3109
1793 1 3227
1792 0 3110
1792 1 3227
1791 0 3110
1791 1 3227
1790 0 3113
1790 1 3230
1789 0 3115
1789 1 3227
1788 0 3108
1788 1 3227
1787 0 3114
1787 1 3227
1786 0 3114
1786 1 3227
1785 0 3111
1785 1 3227
1783 0 3111
1783 1 3227
1782 0 3113
1782 1 3230
1781 0 3111
1781 1 3227
1780 0 3113
1780 1 3230
1779 0 3105
1779 1 3227
1778 0 3113
1778 1 3230
1777 0 3114
1777 1 3227
1776 0 3114
1776 1 3227
1775 0 3104
1775 1 3227
1774 0 3104
1774 1 3227
1773 0 3104
1773 1 3227
1772 0 3110
1772 1 3227
1771 0 3105
1771 1 3227
1770 0 3093
1770 1 3230
1769 0 3093
1769 1 3230
1768 0 3090
1768 1 3227
1767 0 3099
1767 1 3227
1766 0 3098
1766 1 3227
1765 0 3089
1765 1 3227
1764 0 3093
1764 1 3230
1763 0 3099
1763 1 3227
1762 0 3089
1762 1 3227
1761 0 3089
1761 1 3227
1760 0 3088
1760 1 3227
1759 0 3088
1759 1 3227
1758 0 3089
1758 1 3227
1757 0 3089
1757 1 3227
1756 0 3089
1756 1 3227
1755 0 3096
1755 1 3227
1754 0 3086
1754 1 3227
1753 0 3097
1753 1 3227
1752 0 3100
1752 1 3227
1751 0 3097
1751 1 3227
1750 0 3088
1750 1 3227
1749 0 3088
1749 1 3227
1748 0 3085
1748 1 3227
1747 0 3086
1747 1 3227
1746 0 3086
1746 1 3227
1745 0 3099
1745 1 3227
1744 0 3086
1744 1 3227
1743 0 3099
1743 1 3227
1742 0 3099
1742 1 3230
1741 0 3089
1741 1 3227
1740 0 3092
1740 1 3227
1739 0 3092
1739 1 3227
1738 0 3092
1738 1 3227
1737 0 3092
1737 1 3227
1736 0 3092
1736 1 3227
1735 0 3101
1735 1 3227
1734 0 3088
1734 1 3227
1733 0 3088
1733 1 3227
1732 0 3099
1732 1 3227
1730 0 3099
1730 1 3227
1729 0 3086
1729 1 3227
1728 0 3099
1728 1 3227
1727 0 3094
1727 1 3227
1726 0 3098
1726 1 3227
1725 0 3098
1725 1 3227
1724 0 3096
1724 1 3227
1723 0 3096
1723 1 3227
1722 0 3095
1722 1 3227
1721 0 3086
1721 1 3227
1720 0 3102
1720 1 3227
1719 0 3087
1719 1 3227
1718 0 3091
1718 1 3227
1717 0 3103
1717 1 3227
1716 0 3091
1716 1 3227
1715 0 3093
1715 1 3227
1714 0 3089
1714 1 3227
1713 0 3088
1713 1 3227
1712 0 3084
1712 1 3227
1711 0 3084
1711 1 3227
1710 0 3084
1710 1 3227
1709 0 3099
1709 1 3232
1708 0 3101
1708 1 3230
1707 0 3086
1707 1 3227
1706 0 3089
1706 1 3227
1705 0 3081
1705 1 3227
1704 0 2919
1704 1 3227
1703 0 3083
1703 1 3227
1701 0 3082
1701 1 3227
1700 0 3081
1700 1 3227
1697 0 3075
1697 1 3227
1696 0 3076
1696 1 3227
1695 0 3079
1695 1 3227
1693 0 3074
1693 1 3227
1692 0 3075
1692 1 3227
1691 0 3075
1691 1 3227
1690 0 3081
1690 1 3227
1689 0 3082
1689 1 3230
1687 0 3080
1687 1 3227
1686 0 3080
1686 1 3227
1685 0 3080
1685 1 3227
1684 0 3080
1684 1 3227
1683 0 3080
1683 1 3227
1682 0 3080
1682 1 3227
1681 0 3080
1681 1 3227
1680 0 3080
1680 1 3227
1679 0 3080
1679 1 3227
1678 0 3082
1678 1 3230
1677 0 3079
1677 1 3227
1676 0 3080
1676 1 3227
1675 0 3080
1675 1 3227
1674 0 3080
1674 1 3227
1672 0 3082
1672 1 3230
1671 0 3076
1671 1 3227
1670 0 3082
1670 1 3230
1669 0 3076
1669 1 3227
1668 0 3082
1668 1 3230
1667 0 3078
1667 1 3227
1666 0 3077
1666 1 3227
1665 0 3077
1665 1 3227
1664 0 3077
1664 1 3227
1663 0 3075
1663 1 3227
1662 0 3069
1662 1 3227
1661 0 3069
1661 1 3227
1660 0 3069
1660 1 3227
1659 0 3069
1659 1 3227
1658 0 3069
1658 1 3227
1657 0 3069
1657 1 3227
1656 0 3069
1656 1 3227
1655 0 3069
1655 1 3227
1654 0 3069
1654 1 3227
1653 0 3069
1653 1 3227
1652 0 3069
1652 1 3227
1651 0 3069
1651 1 3227
1650 0 3069
1650 1 3227
1649 0 3070
1649 1 3227
1648 0 3071
1648 1 3227
1646 0 3072
1646 1 3227
1644 0 3073
1644 1 3227
1643 0 3065
1643 1 3227
1642 0 3064
1642 1 3227
1641 0 3066
1641 1 3227
1640 0 3068
1640 1 3230
1639 0 3072
1639 1 3227
1638 0 3067
1638 1 3227
1637 0 3072
1637 1 3227
1636 0 3069
1636 1 3227
1635 0 3068
1635 1 3230
1634 0 3068
1634 1 3230
1633 0 3068
1633 1 3230
1632 0 3072
1632 1 3227
1631 0 3066
1631 1 3227
1630 0 3066
1630 1 3227
1629 0 3066
1629 1 3227
1628 0 3066
1628 1 3227
1627 0 3066
1627 1 3227
1626 0 3066
1626 1 3227
1625 0 3066
1625 1 3227
1623 0 3066
1623 1 3227
1622 0 3066
1622 1 3227
1621 0 3066
1621 1 3227
1620 0 3065
1620 1 3227
1619 0 3064
1619 1 3227
1618 0 3063
1618 1 3227
1617 0 3062
1617 1 3227
1616 0 3062
1616 1 3227
1615 0 3066
1615 1 3227
1614 0 3070
1614 1 3227
1613 0 3067
1613 1 3227
1612 0 3062
1612 1 3227
1611 0 3069
1611 1 3227
1610 0 3066
1610 1 3227
1609 0 3064
1609 1 3227
1608 0 3064
1608 1 3227
1607 0 3066
1607 1 3227
1606 0 3072
1606 1 3227
1605 0 3068
1605 1 3227
1604 0 3069
1604 1 3227
1603 0 3069
1603 1 3227
1602 0 3069
1602 1 3232
1601 0 3070
1601 1 3227
1600 0 3064
1600 1 3227
1599 0 3061
1599 1 3227
1598 0 3058
1598 1 3227
1597 0 3054
1597 1 3227
1596 0 3054
1596 1 3227
1595 0 3051
1595 1 3227
1594 0 3056
1594 1 3232
1593 0 3061
1593 1 3227
1592 0 3052
1592 1 3227
1591 0 3057
1591 1 3227
1590 0 3057
1590 1 3227
1589 0 3051
1589 1 3227
1588 0 3059
1588 1 3227
1587 0 3060
1587 1 3227
1586 0 3059
1586 1 3227
1585 0 3061
1585 1 3227
1584 0 3061
1584 1 3227
1583 0 3057
1583 1 3227
1582 0 3051
1582 1 3227
1581 0 3055
1581 1 3230
1580 0 3055
1580 1 3230
1579 0 3055
1579 1 3230
1578 0 3053
1578 1 3227
1577 0 3056
1577 1 3232
1576 0 3053
1576 1 3227
1575 0 3055
1575 1 3230
1574 0 3057
1574 1 3227
1573 0 3057
1573 1 3227
1572 0 3050
1572 1 3227
1571 0 3050
1571 1 3232
1570 0 3056
1570 1 3227
1569 0 3057
1569 1 3227
1568 0 3050
1568 1 3232
1567 0 2822
1567 1 3233
1566 0 2822
1566 1 3233
1565 0 2822
1565 1 3233
1564 0 2822
1564 1 3233
1563 0 2822
1563 1 3233
1562 0 2822
1562 1 3233
1561 0 2822
1561 1 3233
1560 0 2822
1560 1 3233
1559 0 2822
1559 1 3233
1554 0 2810
1554 1 3227
1553 0 2810
1553 1 3227
1552 0 2810
1552 1 3227
1551 0 2788
1551 1 3229
1550 0 3048
1550 1 3227
1549 0 3048
1549 1 3227
1548 0 3048
1548 1 3227
1547 0 3048
1547 1 3227
1546 0 3036
1546 1 3227
1545 0 3032
1545 1 3227
1544 0 2860
1544 1 3229
1543 0 3047
1543 1 3227
1542 0 3025
1542 1 3227
1541 0 2860
1541 1 3229
1540 0 3032
1540 1 3227
1539 0 3046
1539 1 3227
1538 0 3045
1538 1 3227
1537 0 3044
1537 1 3227
1536 0 3044
1536 1 3227
1535 0 3044
1535 1 3227
1534 0 3044
1534 1 3227
1533 0 3032
1533 1 3227
1532 0 3038
1532 1 3227
1531 0 3038
1531 1 3227
1528 0 3037
1528 1 3227
1527 0 3035
1527 1 3227
1526 0 3036
1526 1 3227
1525 0 3036
1525 1 3227
1524 0 3034
1524 1 3227
1523 0 3026
1523 1 3227
1522 0 3026
1522 1 3227
1521 0 3026
1521 1 3227
1520 0 3026
1520 1 3227
1519 0 3026
1519 1 3227
1518 0 3038
1518 1 3227
1517 0 3044
1517 1 3227
1516 0 3025
1516 1 3227
1515 0 3044
1515 1 3227
1514 0 3044
1514 1 3227
1513 0 3044
1513 1 3227
1512 0 3038
1512 1 3227
1511 0 3036
1511 1 3227
1510 0 3036
1510 1 3227
1509 0 3036
1509 1 3227
1508 0 3036
1508 1 3227
1507 0 3036
1507 1 3227
1506 0 3036
1506 1 3227
1505 0 3030
1505 1 3227
1504 0 3026
1504 1 3227
1503 0 3024
1503 1 3227
1502 0 3023
1502 1 3227
1501 0 3023
1501 1 3232
1500 0 3038
1500 1 3227
1499 0 3023
1499 1 3232
1498 0 3043
1498 1 3227
1497 0 3026
1497 1 3227
1496 0 3026
1496 1 3227
1494 0 3041
1494 1 3227
1493 0 3029
1493 1 3227
1492 0 3035
1492 1 3227
1491 0 3041
1491 1 3227
1490 0 3040
1490 1 3227
1489 0 3042
1489 1 3227
1488 0 3040
1488 1 3227
1487 0 3042
1487 1 3227
1486 0 3042
1486 1 3227
1485 0 3035
1485 1 3227
1484 0 3032
1484 1 3227
1483 0 3035
1483 1 3227
1482 0 3040
1482 1 3227
1481 0 3032
1481 1 3227
1480 0 3032
1480 1 3227
1479 0 3032
1479 1 3227
1478 0 3032
1478 1 3227
1477 0 3032
1477 1 3227
1476 0 3032
1476 1 3227
1475 0 3032
1475 1 3227
1474 0 3032
1474 1 3227
1473 0 3032
1473 1 3227
1472 0 3032
1472 1 3227
1471 0 3032
1471 1 3227
1470 0 3032
1470 1 3227
1469 0 3032
1469 1 3227
1468 0 3031
1468 1 3227
1467 0 3029
1467 1 3227
1466 0 3028
1466 1 3227
1465 0 3027
1465 1 3227
1464 0 3027
1464 1 3227
1463 0 3032
1463 1 3227
1462 0 3032
1462 1 3227
1461 0 3032
1461 1 3227
1460 0 3032
1460 1 3227
1459 0 3032
1459 1 3227
1458 0 3032
1458 1 3227
1457 0 3041
1457 1 3227
1456 0 3040
1456 1 3227
1455 0 3027
1455 1 3227
1454 0 3033
1454 1 3227
1453 0 3029
1453 1 3227
1452 0 3032
1452 1 3227
1451 0 3029
1451 1 3227
1450 0 3032
1450 1 3227
1449 0 3041
1449 1 3227
1448 0 3035
1448 1 3227
1447 0 3042
1447 1 3227
1446 0 3039
1446 1 3227
1445 0 3042
1445 1 3227
1444 0 3042
1444 1 3227
1443 0 3003
1443 1 3227
1442 0 3022
1442 1 3233
1441 0 3002
1441 1 3227
1440 0 3019
1440 1 3227
1439 0 3019
1439 1 3227
1438 0 3019
1438 1 3227
1437 0 3019
1437 1 3227
1436 0 3018
1436 1 3227
1435 0 3018
1435 1 3227
1434 0 3018
1434 1 3227
1433 0 3018
1433 1 3227
1432 0 3018
1432 1 3227
1431 0 3018
1431 1 3227
1430 0 3018
1430 1 3227
1429 0 3018
1429 1 3227
1428 0 3018
1428 1 3227
1427 0 3017
1427 1 3227
1426 0 3017
1426 1 3227
1425 0 3017
1425 1 3227
1424 0 3016
1424 1 3227
1423 0 2860
1423 1 3229
1422 0 3014
1422 1 3227
1421 0 3010
1421 1 3227
1420 0 3014
1420 1 3227
1419 0 3014
1419 1 3227
1418 0 3015
1418 1 3227
1417 0 3002
1417 1 3227
1416 0 3002
1416 1 3227
1415 0 3011
1415 1 3227
1414 0 3006
1414 1 3227
1413 0 3006
1413 1 3227
1412 0 3004
1412 1 3227
1411 0 3010
1411 1 3227
1410 0 3010
1410 1 3227
1409 0 3010
1409 1 3227
1408 0 3010
1408 1 3227
1407 0 3007
1407 1 3227
1406 0 3005
1406 1 3227
1405 0 3005
1405 1 3227
1404 0 3005
1404 1 3227
1403 0 3018
1403 1 3227
1402 0 3006
1402 1 3227
1401 0 3016
1401 1 3227
1400 0 3016
1400 1 3227
1399 0 3016
1399 1 3227
1398 0 3006
1398 1 3227
1397 0 3016
1397 1 3227
1396 0 3014
1396 1 3227
1395 0 3017
1395 1 3227
1394 0 3018
1394 1 3227
1393 0 3006
1393 1 3227
1392 0 3017
1392 1 3227
1391 0 2997
1391 1 3227
1390 0 3017
1390 1 3227
1389 0 3006
1389 1 3227
1388 0 3021
1388 1 3232
1387 0 3012
1387 1 3227
1386 0 3018
1386 1 3227
1385 0 3018
1385 1 3227
1384 0 3014
1384 1 3227
1383 0 2998
1383 1 3227
1382 0 3016
1382 1 3227
1381 0 3018
1381 1 3227
1380 0 3021
1380 1 3227
1379 0 3016
1379 1 3227
1378 0 3016
1378 1 3227
1377 0 3007
1377 1 3227
1376 0 3013
1376 1 3227
1375 0 3013
1375 1 3227
1374 0 3016
1374 1 3227
1373 0 3014
1373 1 3227
1372 0 3016
1372 1 3232
1371 0 3006
1371 1 3227
1370 0 3012
1370 1 3227
1369 0 3018
1369 1 3227
1368 0 3006
1368 1 3227
1367 0 3006
1367 1 3227
1366 0 3017
1366 1 3227
1365 0 3006
1365 1 3227
1364 0 2997
1364 1 3227
1363 0 3002
1363 1 3227
1362 0 3002
1362 1 3227
1361 0 3002
1361 1 3227
1360 0 3002
1360 1 3227
1359 0 3008
1359 1 3227
1358 0 3008
1358 1 3227
1357 0 2999
1357 1 3227
1356 0 3002
1356 1 3227
1355 0 3005
1355 1 3227
1354 0 3011
1354 1 3227
1353 0 3011
1353 1 3227
1352 0 3007
1352 1 3227
1351 0 3009
1351 1 3227
1350 0 3008
1350 1 3227
1349 0 3002
1349 1 3227
1348 0 3002
1348 1 3227
1347 0 3007
1347 1 3227
1346 0 3007
1346 1 3227
1345 0 3004
1345 1 3227
1344 0 3002
1344 1 3227
1343 0 3002
1343 1 3227
1342 0 3002
1342 1 3227
1341 0 3008
1341 1 3227
1340 0 3011
1340 1 3227
1339 0 3001
1339 1 3227
1338 0 3002
1338 1 3227
1337 0 3005
1337 1 3227
1336 0 3007
1336 1 3227
1335 0 3008
1335 1 3227
1333 0 3000
1333 1 3227
1332 0 3000
1332 1 3227
1331 0 3005
1331 1 3227
1330 0 3011
1330 1 3227
1329 0 3002
1329 1 3227
1328 0 3008
1328 1 3227
1327 0 3005
1327 1 3227
1326 0 3002
1326 1 3227
1325 0 3004
1325 1 3227
1324 0 3008
1324 1 3227
1323 0 3002
1323 1 3227
1322 0 3002
1322 1 3227
1321 0 3002
1321 1 3227
1320 0 3002
1320 1 3227
1319 0 3002
1319 1 3227
1318 0 3002
1318 1 3227
1316 0 3002
1316 1 3227
1315 0 3007
1315 1 3227
1314 0 3002
1314 1 3227
1313 0 3005
1313 1 3227
1312 0 3008
1312 1 3227
1311 0 3000
1311 1 3227
1310 0 2982
1310 1 3227
1309 0 2996
1309 1 3227
1308 0 2995
1308 1 3227
1307 0 2987
1307 1 3232
1306 0 2994
1306 1 3227
1305 0 2987
1305 1 3232
1304 0 2992
1304 1 3227
1303 0 2993
1303 1 3227
1302 0 2993
1302 1 3227
1301 0 2993
1301 1 3227
1300 0 2993
1300 1 3227
1299 0 2990
1299 1 3232
1297 0 2990
1297 1 3232
1296 0 2985
1296 1 3227
1295 0 2990
1295 1 3232
1294 0 2989
1294 1 3232
1293 0 2989
1293 1 3232
1292 0 2989
1292 1 3232
1291 0 2989
1291 1 3232
1290 0 2976
1290 1 3232
1289 0 2976
1289 1 3232
1288 0 2988
1288 1 3232
1287 0 2988
1287 1 3232
1286 0 2986
1286 1 3227
1285 0 2988
1285 1 3232
1284 0 2988
1284 1 3232
1283 0 2988
1283 1 3232
1282 0 2988
1282 1 3232
1281 0 2988
1281 1 3232
1280 0 2991
1280 1 3227
1278 0 2975
1278 1 3232
1277 0 2860
1277 1 3229
1276 0 2982
1276 1 3227
1275 0 2982
1275 1 3227
1274 0 2982
1274 1 3227
1273 0 2982
1273 1 3227
1272 0 2982
1272 1 3227
1271 0 2979
1271 1 3227
1270 0 2980
1270 1 3227
1269 0 2984
1269 1 3227
1268 0 2984
1268 1 3227
1267 0 2984
1267 1 3227
1266 0 2984
1266 1 3227
1265 0 2993
1265 1 3227
1264 0 2993
1264 1 3227
1263 0 2993
1263 1 3227
1262 0 2982
1262 1 3227
1261 0 2992
1261 1 3227
1260 0 2986
1260 1 3227
1259 0 2981
1259 1 3227
1258 0 2986
1258 1 3227
1257 0 2993
1257 1 3227
1256 0 2982
1256 1 3227
1255 0 2979
1255 1 3227
1254 0 2993
1254 1 3227
1253 0 2984
1253 1 3227
1252 0 2984
1252 1 3227
1251 0 2986
1251 1 3227
1250 0 2986
1250 1 3227
1249 0 2986
1249 1 3227
1248 0 2979
1248 1 3227
1247 0 2986
1247 1 3227
1246 0 2993
1246 1 3227
1245 0 2992
1245 1 3227
1244 0 2979
1244 1 3227
1243 0 2992
1243 1 3227
1242 0 2991
1242 1 3227
1241 0 2979
1241 1 3227
1240 0 2979
1240 1 3227
1239 0 2979
1239 1 3227
1238 0 2984
1238 1 3227
1237 0 2984
1237 1 3227
1235 0 2983
1235 1 3227
1234 0 2983
1234 1 3227
1233 0 2978
1233 1 3227
1232 0 2978
1232 1 3227
1231 0 2978
1231 1 3227
1230 0 2993
1230 1 3227
1229 0 2982
1229 1 3227
1228 0 2982
1228 1 3227
1227 0 2993
1227 1 3227
1226 0 2971
1226 1 3227
1225 0 2824
1225 1 3230
1224 0 2824
1224 1 3230
1223 0 2824
1223 1 3230
1222 0 2824
1222 1 3230
1221 0 2824
1221 1 3230
1218 0 2822
1218 1 3227
1217 0 2822
1217 1 3227
1215 0 2970
1215 1 3230
1214 0 2943
1214 1 3227
1212 0 2943
1212 1 3227
1211 0 2819
1211 1 3228
1210 0 2819
1210 1 3228
1209 0 2943
1209 1 3227
1208 0 2943
1208 1 3227
1207 0 2965
1207 1 3232
1206 0 2964
1206 1 3232
1205 0 2963
1205 1 3233
1204 0 2962
1204 1 3233
1203 0 2962
1203 1 3233
1202 0 2788
1202 1 3229
1201 0 2967
1201 1 3232
1200 0 2967
1200 1 3232
1199 0 2967
1199 1 3232
1198 0 2967
1198 1 3232
1197 0 2963
1197 1 3229
1196 0 2963
1196 1 3227
1195 0 2963
1195 1 3227
1194 0 2968
1194 1 3230
1193 0 2968
1193 1 3230
1192 0 2968
1192 1 3230
1191 0 2968
1191 1 3230
1190 0 2968
1190 1 3230
1189 0 2968
1189 1 3230
1188 0 2968
1188 1 3230
1187 0 2968
1187 1 3230
1186 0 2968
1186 1 3230
1185 0 2968
1185 1 3230
1184 0 2968
1184 1 3230
1183 0 2968
1183 1 3230
1182 0 2962
1182 1 3227
1181 0 2962
1181 1 3227
1180 0 2962
1180 1 3227
1179 0 2962
1179 1 3227
1178 0 2968
1178 1 3230
1177 0 2968
1177 1 3230
1176 0 2968
1176 1 3230
1175 0 2962
1175 1 3227
1174 0 2962
1174 1 3227
1173 0 2962
1173 1 3227
1172 0 2962
1172 1 3227
1171 0 2962
1171 1 3227
1170 0 2966
1170 1 3227
1169 0 2966
1169 1 3227
1168 0 2960
1168 1 3227
1167 0 2964
1167 1 3227
1166 0 2960
1166 1 3227
1165 0 2963
1165 1 3227
1164 0 2960
1164 1 3227
1163 0 2960
1163 1 3227
1162 0 2965
1162 1 3227
1161 0 2966
1161 1 3227
1160 0 2963
1160 1 3227
1159 0 2965
1159 1 3227
1158 0 2961
1158 1 3227
1157 0 2965
1157 1 3227
1156 0 2960
1156 1 3227
1155 0 2966
1155 1 3227
1153 0 2958
1153 1 3227
1152 0 2958
1152 1 3227
1151 0 2958
1151 1 3227
1150 0 2964
1150 1 3227
1149 0 2967
1149 1 3227
1148 0 2967
1148 1 3227
1147 0 2962
1147 1 3227
1146 0 2962
1146 1 3227
1145 0 2962
1145 1 3227
1144 0 2962
1144 1 3227
1143 0 2962
1143 1 3227
1142 0 2962
1142 1 3227
1141 0 2966
1141 1 3227
1140 0 2966
1140 1 3227
1139 0 2964
1139 1 3227
1138 0 2964
1138 1 3227
1137 0 2964
1137 1 3227
1136 0 2964
1136 1 3227
1135 0 2964
1135 1 3227
1134 0 2964
1134 1 3227
1133 0 2963
1133 1 3227
1132 0 2966
1132 1 3227
1131 0 2962
1131 1 3227
1130 0 2964
1130 1 3227
1129 0 2963
1129 1 3227
1128 0 2964
1128 1 3227
1127 0 2960
1127 1 3227
1126 0 2960
1126 1 3227
1125 0 2963
1125 1 3227
1124 0 2964
1124 1 3227
1123 0 2966
1123 1 3227
1122 0 2822
1122 1 3233
1120 0 2957
1120 1 3230
1119 0 2957
1119 1 3230
1118 0 2951
1118 1 3227
1117 0 2949
1117 1 3227
1116 0 2949
1116 1 3227
1115 0 2949
1115 1 3227
1114 0 2948
1114 1 3227
1113 0 2954
1113 1 3227
1112 0 2956
1112 1 3227
1111 0 2950
1111 1 3227
1110 0 2945
1110 1 3227
1109 0 2878
1109 1 3227
1108 0 2940
1108 1 3227
1107 0 2953
1107 1 3227
1106 0 2945
1106 1 3227
1105 0 2945
1105 1 3227
1104 0 2945
1104 1 3227
1103 0 2949
1103 1 3227
1102 0 2952
1102 1 3227
1101 0 2952
1101 1 3227
1100 0 2950
1100 1 3227
1099 0 2944
1099 1 3227
1098 0 2941
1098 1 3227
1097 0 2949
1097 1 3227
1096 0 2954
1096 1 3227
1095 0 2951
1095 1 3227
1094 0 2955
1094 1 3227
1093 0 2952
1093 1 3227
1092 0 2945
1092 1 3227
1091 0 2945
1091 1 3227
1090 0 2945
1090 1 3227
1089 0 2950
1089 1 3227
1088 0 2951
1088 1 3227
1087 0 2951
1087 1 3227
1086 0 2949
1086 1 3227
1085 0 3025
1085 1 3232
1084 0 2945
1084 1 3227
1083 0 2949
1083 1 3227
1082 0 2952
1082 1 3227
1081 0 2949
1081 1 3227
1080 0 2953
1080 1 3227
1079 0 2952
1079 1 3227
1078 0 2945
1078 1 3227
1077 0 2945
1077 1 3227
1076 0 2945
1076 1 3227
1075 0 2945
1075 1 3227
1074 0 2945
1074 1 3227
1073 0 2945
1073 1 3227
1072 0 2949
1072 1 3227
1070 0 2951
1070 1 3227
1069 0 2949
1069 1 3227
1066 0 2952
1066 1 3227
1065 0 2947
1065 1 3227
1064 0 2945
1064 1 3227
1063 0 2945
1063 1 3227
1062 0 2945
1062 1 3227
1061 0 2952
1061 1 3227
1060 0 2954
1060 1 3227
1059 0 2946
1059 1 3227
1058 0 2950
1058 1 3227
1057 0 2945
1057 1 3227
1056 0 2950
1056 1 3227
1055 0 2950
1055 1 3227
1054 0 2950
1054 1 3227
1053 0 2951
1053 1 3227
1052 0 2952
1052 1 3227
1050 0 2947
1050 1 3227
1049 0 2947
1049 1 3227
1048 0 2950
1048 1 3227
1047 0 2950
1047 1 3227
1046 0 2954
1046 1 3227
1043 0 2943
1043 1 3227
1042 0 2938
1042 1 3227
1041 0 2938
1041 1 3227
1040 0 2938
1040 1 3227
1039 0 2942
1039 1 3227
1038 0 2934
1038 1 3227
1037 0 2931
1037 1 3232
1036 0 2941
1036 1 3227
1035 0 2941
1035 1 3227
1034 0 2938
1034 1 3227
1033 0 2937
1033 1 3227
1032 0 2936
1032 1 3227
1031 0 2934
1031 1 3227
1030 0 2932
1030 1 3227
1029 0 2934
1029 1 3227
1028 0 2932
1028 1 3227
1027 0 2935
1027 1 3227
1026 0 2863
1026 1 3227
1025 0 2863
1025 1 3227
1024 0 2863
1024 1 3227
1023 0 2863
1023 1 3227
1022 0 2928
1022 1 3230
1021 0 2837
1021 1 3229
1020 0 2940
1020 1 3227
1019 0 2940
1019 1 3227
1018 0 2929
1018 1 3227
1017 0 2936
1017 1 3227
1016 0 2936
1016 1 3227
1015 0 2934
1015 1 3227
1014 0 2934
1014 1 3227
1013 0 2934
1013 1 3227
1012 0 2934
1012 1 3227
1011 0 2934
1011 1 3227
1010 0 2934
1010 1 3227
1009 0 2929
1009 1 3227
1008 0 2929
1008 1 3227
1007 0 2930
1007 1 3227
1006 0 2932
1006 1 3227
1005 0 2933
1005 1 3227
1004 0 2934
1004 1 3227
1003 0 2934
1003 1 3227
1002 0 2934
1002 1 3227
1001 0 2934
1001 1 3227
1000 0 2934
1000 1 3227
999 0 2934
999 1 3227
998 0 2934
998 1 3227
997 0 2934
997 1 3227
996 0 2934
996 1 3227
995 0 2935
995 1 3227
994 0 2935
994 1 3227
993 0 2935
993 1 3227
992 0 2935
992 1 3227
991 0 2935
991 1 3227
990 0 2935
990 1 3227
989 0 2935
989 1 3227
988 0 2936
988 1 3227
987 0 2937
987 1 3227
986 0 2937
986 1 3227
985 0 2937
985 1 3227
984 0 2938
984 1 3227
983 0 2938
983 1 3227
982 0 2938
982 1 3227
981 0 2931
981 1 3227
980 0 2936
980 1 3227
979 0 2938
979 1 3227
978 0 2936
978 1 3227
977 0 2936
977 1 3227
976 0 2937
976 1 3227
975 0 2935
975 1 3227
974 0 2932
974 1 3227
973 0 2933
973 1 3227
972 0 2939
972 1 3227
970 0 2939
970 1 3227
968 0 2934
968 1 3227
967 0 2934
967 1 3227
966 0 2921
966 1 3227
965 0 2921
965 1 3227
964 0 2927
964 1 3227
963 0 2927
963 1 3227
960 0 2923
960 1 3227
959 0 2926
959 1 3227
958 0 2926
958 1 3227
957 0 2923
957 1 3227
956 0 2923
956 1 3227
955 0 2923
955 1 3227
954 0 2923
954 1 3227
952 0 2923
952 1 3227
951 0 2920
951 1 3227
950 0 2916
950 1 3227
949 0 2916
949 1 3227
948 0 2919
948 1 3227
947 0 2922
947 1 3227
946 0 2924
946 1 3233
945 0 2923
945 1 3227
944 0 2923
944 1 3227
943 0 2925
943 1 3227
942 0 2923
942 1 3227
941 0 2918
941 1 3227
940 0 2925
940 1 3227
939 0 2925
939 1 3227
938 0 2925
938 1 3227
937 0 2924
937 1 3227
936 0 2924
936 1 3227
935 0 2924
935 1 3227
934 0 2923
934 1 3227
933 0 2919
933 1 3227
932 0 2922
932 1 3227
931 0 2922
931 1 3227
930 0 2922
930 1 3227
929 0 2922
929 1 3227
928 0 2922
928 1 3227
927 0 2922
927 1 3227
926 0 2922
926 1 3227
925 0 2922
925 1 3227
924 0 2921
924 1 3227
923 0 2921
923 1 3227
922 0 2921
922 1 3227
921 0 2921
921 1 3227
920 0 2921
920 1 3227
919 0 2921
919 1 3227
918 0 2921
918 1 3227
917 0 2921
917 1 3227
916 0 2921
916 1 3227
915 0 2921
915 1 3227
914 0 2920
914 1 3227
913 0 2919
913 1 3227
912 0 2919
912 1 3227
911 0 2917
911 1 3227
910 0 2916
910 1 3227
909 0 2916
909 1 3227
908 0 2921
908 1 3227
907 0 2921
907 1 3227
906 0 2921
906 1 3227
905 0 2921
905 1 3227
904 0 2921
904 1 3227
903 0 2921
903 1 3227
902 0 2923
902 1 3227
901 0 2923
901 1 3227
900 0 2916
900 1 3227
899 0 2913
899 1 3227
898 0 2909
898 1 3227
897 0 2909
897 1 3227
896 0 2909
896 1 3227
895 0 2909
895 1 3227
894 0 2909
894 1 3227
893 0 2907
893 1 3227
892 0 2911
892 1 3227
888 0 2907
888 1 3227
887 0 2913
887 1 3227
886 0 2904
886 1 3227
884 0 2907
884 1 3227
883 0 2907
883 1 3227
882 0 2912
882 1 3227
881 0 2907
881 1 3227
880 0 2906
880 1 3227
879 0 2903
879 1 3227
878 0 2903
878 1 3227
877 0 2903
877 1 3227
876 0 2905
876 1 3227
875 0 2906
875 1 3227
874 0 2906
874 1 3227
873 0 2906
873 1 3227
872 0 2906
872 1 3227
871 0 2906
871 1 3227
870 0 2906
870 1 3227
869 0 2907
869 1 3227
868 0 2907
868 1 3227
867 0 2907
867 1 3227
866 0 2907
866 1 3227
865 0 2907
865 1 3227
864 0 2913
864 1 3227
863 0 2913
863 1 3227
862 0 2913
862 1 3227
861 0 2914
861 1 3227
860 0 2914
860 1 3227
859 0 2914
859 1 3227
858 0 2911
858 1 3227
857 0 2914
857 1 3227
856 0 2904
856 1 3227
855 0 2904
855 1 3227
854 0 2907
854 1 3227
853 0 2907
853 1 3227
852 0 2907
852 1 3227
851 0 2907
851 1 3227
850 0 2907
850 1 3227
849 0 2907
849 1 3227
848 0 2907
848 1 3227
847 0 2907
847 1 3227
846 0 2907
846 1 3227
845 0 2907
845 1 3227
844 0 2907
844 1 3227
843 0 2909
843 1 3227
842 0 2915
842 1 3227
841 0 2907
841 1 3227
840 0 2897
840 1 3227
839 0 2897
839 1 3227
838 0 2897
838 1 3227
837 0 2897
837 1 3227
836 0 2897
836 1 3227
835 0 2897
835 1 3227
834 0 2897
834 1 3227
833 0 2895
833 1 3227
832 0 2895
832 1 3227
831 0 2895
831 1 3227
830 0 2895
830 1 3227
829 0 2895
829 1 3227
828 0 2895
828 1 3227
827 0 2878
827 1 3227
826 0 2895
826 1 3227
825 0 2895
825 1 3227
824 0 2895
824 1 3227
823 0 2895
823 1 3227
822 0 2895
822 1 3227
821 0 2895
821 1 3227
820 0 2902
820 1 3227
819 0 2902
819 1 3227
818 0 2898
818 1 3227
817 0 2900
817 1 3227
816 0 2900
816 1 3227
815 0 2898
815 1 3227
814 0 2898
814 1 3227
813 0 2898
813 1 3227
812 0 2898
812 1 3227
811 0 2898
811 1 3227
810 0 2898
810 1 3227
809 0 2900
809 1 3227
808 0 2900
808 1 3227
807 0 2900
807 1 3227
806 0 2897
806 1 3227
805 0 2896
805 1 3227
804 0 2896
804 1 3227
803 0 2896
803 1 3227
802 0 2896
802 1 3227
801 0 2896
801 1 3227
800 0 2895
800 1 3227
799 0 2895
799 1 3227
798 0 2894
798 1 3227
797 0 2895
797 1 3227
795 0 2899
795 1 3227
794 0 2899
794 1 3227
793 0 2899
793 1 3227
792 0 2899
792 1 3227
791 0 2899
791 1 3227
790 0 2899
790 1 3227
789 0 2901
789 1 3227
788 0 2893
788 1 3227
787 0 2893
787 1 3227
786 0 2893
786 1 3227
785 0 2897
785 1 3227
784 0 2899
784 1 3227
782 0 2895
782 1 3227
780 0 2895
780 1 3227
779 0 2888
779 1 3227
777 0 2892
777 1 3227
776 0 2892
776 1 3227
775 0 2892
775 1 3227
774 0 2892
774 1 3227
773 0 2884
773 1 3227
772 0 2884
772 1 3227
771 0 2884
771 1 3227
770 0 2884
770 1 3227
769 0 2884
769 1 3227
768 0 2890
768 1 3227
767 0 2887
767 1 3227
766 0 2795
766 1 3229
765 0 2888
765 1 3227
764 0 2860
764 1 3229
763 0 2888
763 1 3227
762 0 2888
762 1 3227
761 0 2888
761 1 3227
760 0 2880
760 1 3233
759 0 2881
759 1 3227
758 0 2881
758 1 3227
757 0 2881
757 1 3227
756 0 2870
756 1 3233
755 0 2870
755 1 3233
754 0 2885
754 1 3227
753 0 2887
753 1 3227
752 0 2887
752 1 3227
751 0 2887
751 1 3227
750 0 2887
750 1 3227
749 0 2887
749 1 3227
748 0 2887
748 1 3227
747 0 2886
747 1 3227
746 0 2886
746 1 3227
745 0 2886
745 1 3227
744 0 2886
744 1 3227
743 0 2886
743 1 3227
742 0 2886
742 1 3227
741 0 2882
741 1 3227
740 0 2884
740 1 3227
739 0 2884
739 1 3227
738 0 2880
738 1 3232
737 0 2880
737 1 3232
736 0 2880
736 1 3232
735 0 2880
735 1 3232
734 0 2880
734 1 3232
733 0 2884
733 1 3227
732 0 2884
732 1 3227
731 0 2880
731 1 3232
730 0 2880
730 1 3232
729 0 2880
729 1 3232
728 0 2884
728 1 3227
727 0 2884
727 1 3227
726 0 2880
726 1 3232
725 0 2880
725 1 3232
724 0 2880
724 1 3232
723 0 2884
723 1 3227
722 0 2884
722 1 3227
721 0 2884
721 1 3227
720 0 2884
720 1 3227
719 0 2884
719 1 3227
718 0 2884
718 1 3227
717 0 2871
717 1 3232
716 0 2889
716 1 3227
715 0 2872
715 1 3229
714 0 2872
714 1 3229
713 0 2889
713 1 3227
712 0 2889
712 1 3227
711 0 2889
711 1 3227
710 0 2872
710 1 3229
709 0 2872
709 1 3229
708 0 2872
708 1 3229
707 0 2872
707 1 3229
706 0 2889
706 1 3227
705 0 2889
705 1 3227
704 0 2889
704 1 3227
703 0 2872
703 1 3229
702 0 2873
702 1 3232
701 0 2873
701 1 3232
700 0 2873
700 1 3232
699 0 2873
699 1 3232
698 0 2873
698 1 3232
697 0 2873
697 1 3232
696 0 2888
696 1 3227
695 0 2874
695 1 3232
694 0 2888
694 1 3227
693 0 2888
693 1 3227
692 0 2888
692 1 3227
691 0 2888
691 1 3227
690 0 2883
690 1 3227
689 0 2883
689 1 3227
688 0 2883
688 1 3227
687 0 2883
687 1 3227
686 0 2883
686 1 3227
685 0 2890
685 1 3227
684 0 2890
684 1 3227
683 0 2890
683 1 3227
682 0 2890
682 1 3227
681 0 2890
681 1 3227
680 0 2875
680 1 3232
679 0 2890
679 1 3227
678 0 2891
678 1 3227
677 0 2891
677 1 3227
676 0 2870
676 1 3227
675 0 2870
675 1 3227
674 0 2870
674 1 3228
673 0 2870
673 1 3227
672 0 2870
672 1 3227
671 0 2880
671 1 3227
670 0 2895
670 1 3227
665 0 2850
665 1 3229
663 0 2850
663 1 3229
662 0 2878
662 1 3227
661 0 2878
661 1 3227
660 0 2818
660 1 3232
659 0 2818
659 1 3232
658 0 2879
658 1 3229
657 0 2877
657 1 3232
656 0 2860
656 1 3229
655 0 2860
655 1 3229
654 0 2860
654 1 3229
653 0 2860
653 1 3229
652 0 2860
652 1 3229
651 0 2831
651 1 3230
650 0 2831
650 1 3230
649 0 2877
649 1 3227
648 0 2877
648 1 3233
647 0 2863
647 1 3227
645 0 2840
645 1 3229
644 0 2876
644 1 3230
643 0 2850
643 1 3229
639 0 2864
639 1 3229
638 0 2864
638 1 3229
637 0 2837
637 1 3229
635 0 2871
635 1 3232
634 0 2871
634 1 3232
632 0 2869
632 1 3230
631 0 2868
631 1 3230
630 0 2867
630 1 3230
629 0 2866
629 1 3230
628 0 2865
628 1 3230
627 0 2863
627 1 3227
626 0 2863
626 1 3227
625 0 2863
625 1 3227
624 0 2863
624 1 3227
623 0 2835
623 1 3230
622 0 2793
622 1 3230
621 0 2793
621 1 3230
620 0 2877
620 1 3230
619 0 2858
619 1 3230
618 0 3020
618 1 3230
617 0 2837
617 1 3229
616 0 3020
616 1 3230
615 0 2832
615 1 3230
613 0 2858
613 1 3230
612 0 2832
612 1 3230
611 0 2832
611 1 3230
610 0 2832
610 1 3230
609 0 2832
609 1 3230
608 0 2832
608 1 3230
607 0 2832
607 1 3230
606 0 2832
606 1 3230
605 0 2818
605 1 3230
604 0 2818
604 1 3230
603 0 3020
603 1 3230
602 0 2832
602 1 3230
601 0 2863
601 1 3227
600 0 2863
600 1 3227
599 0 2793
599 1 3233
598 0 2877
598 1 3230
597 0 2793
597 1 3230
596 0 2793
596 1 3230
595 0 2793
595 1 3230
594 0 2793
594 1 3230
593 0 2793
593 1 3230
592 0 2793
592 1 3230
591 0 2877
591 1 3230
590 0 2863
590 1 3227
589 0 2863
589 1 3227
588 0 2863
588 1 3227
587 0 2863
587 1 3227
586 0 2863
586 1 3227
585 0 2863
585 1 3227
584 0 2863
584 1 3227
583 0 2863
583 1 3227
582 0 2863
582 1 3227
581 0 2822
581 1 3233
579 0 2863
579 1 3227
578 0 2863
578 1 3227
577 0 2863
577 1 3227
576 0 2863
576 1 3227
575 0 2863
575 1 3227
574 0 2792
574 1 3230
573 0 2863
573 1 3227
572 0 2863
572 1 3227
571 0 2863
571 1 3227
570 0 2863
570 1 3227
569 0 2863
569 1 3227
568 0 2863
568 1 3227
567 0 2863
567 1 3227
566 0 2864
566 1 3229
565 0 2863
565 1 3227
563 0 2863
563 1 3227
562 0 2863
562 1 3227
561 0 2863
561 1 3227
560 0 2863
560 1 3227
559 0 2863
559 1 3227
558 0 2863
558 1 3227
556 0 2863
556 1 3227
555 0 2863
555 1 3227
554 0 2863
554 1 3227
553 0 2863
553 1 3227
552 0 2863
552 1 3227
551 0 2863
551 1 3227
550 0 2863
550 1 3227
549 0 2863
549 1 3227
548 0 2863
548 1 3227
547 0 2863
547 1 3227
546 0 2863
546 1 3227
545 0 2863
545 1 3227
544 0 2863
544 1 3227
543 0 2863
543 1 3227
542 0 2863
542 1 3227
538 0 2821
538 1 3232
537 0 2821
537 1 3232
536 0 2821
536 1 3232
535 0 2821
535 1 3232
534 0 2858
534 1 3232
533 0 2854
533 1 3230
532 0 2863
532 1 3227
531 0 2862
531 1 3233
530 0 2861
530 1 3230
529 0 2860
529 1 3230
528 0 2860
528 1 3230
527 0 2860
527 1 3230
526 0 2860
526 1 3230
525 0 2860
525 1 3230
524 0 2860
524 1 3230
523 0 2860
523 1 3230
522 0 2860
522 1 3230
521 0 2860
521 1 3230
520 0 2860
520 1 3230
519 0 2860
519 1 3230
518 0 2860
518 1 3230
517 0 2860
517 1 3230
516 0 2860
516 1 3230
515 0 2860
515 1 3230
514 0 2860
514 1 3230
513 0 2860
513 1 3230
512 0 2860
512 1 3230
511 0 2860
511 1 3230
510 0 2860
510 1 3230
509 0 2860
509 1 3230
508 0 2860
508 1 3230
507 0 2860
507 1 3230
506 0 2860
506 1 3230
505 0 2860
505 1 3230
504 0 2860
504 1 3230
503 0 2860
503 1 3230
502 0 2860
502 1 3230
501 0 2860
501 1 3230
500 0 2860
500 1 3230
499 0 3169
499 1 3230
498 0 3169
498 1 3230
497 0 2836
497 1 3230
496 0 2859
496 1 3230
495 0 2836
495 1 3230
494 0 2836
494 1 3230
493 0 2836
493 1 3230
492 0 2836
492 1 3230
491 0 2836
491 1 3230
490 0 2836
490 1 3230
489 0 2836
489 1 3230
488 0 2836
488 1 3230
487 0 2836
487 1 3230
486 0 2836
486 1 3230
485 0 2836
485 1 3230
484 0 2836
484 1 3230
483 0 2837
483 1 3230
482 0 2837
482 1 3230
481 0 2837
481 1 3230
480 0 2837
480 1 3230
479 0 2837
479 1 3230
478 0 2837
478 1 3230
477 0 2837
477 1 3230
476 0 2837
476 1 3230
475 0 2837
475 1 3230
474 0 2837
474 1 3230
473 0 2837
473 1 3230
472 0 2837
472 1 3230
471 0 2837
471 1 3230
470 0 2837
470 1 3230
469 0 2837
469 1 3230
468 0 2837
468 1 3230
467 0 2837
467 1 3230
466 0 2837
466 1 3230
465 0 2859
465 1 3230
464 0 2837
464 1 3230
463 0 2837
463 1 3230
462 0 2837
462 1 3230
461 0 2837
461 1 3230
460 0 2859
460 1 3230
459 0 2837
459 1 3230
458 0 2837
458 1 3230
457 0 2837
457 1 3230
456 0 2837
456 1 3230
455 0 2837
455 1 3230
454 0 2837
454 1 3230
453 0 2837
453 1 3230
452 0 2837
452 1 3230
451 0 2837
451 1 3230
450 0 2837
450 1 3230
449 0 2837
449 1 3230
448 0 2837
448 1 3230
447 0 2837
447 1 3230
446 0 2832
446 1 3230
445 0 2817
445 1 3230
444 0 2854
444 1 3230
443 0 2854
443 1 3230
442 0 2854
442 1 3230
441 0 2854
441 1 3230
440 0 2854
440 1 3230
439 0 2854
439 1 3230
438 0 2854
438 1 3230
437 0 2854
437 1 3230
436 0 2854
436 1 3230
435 0 2821
435 1 3232
434 0 2854
434 1 3230
433 0 2854
433 1 3230
432 0 2854
432 1 3230
431 0 2854
431 1 3230
430 0 2854
430 1 3230
429 0 2854
429 1 3230
428 0 2854
428 1 3230
427 0 2854
427 1 3230
426 0 2854
426 1 3230
425 0 2854
425 1 3230
424 0 2854
424 1 3230
423 0 2854
423 1 3230
422 0 2854
422 1 3230
421 0 2854
421 1 3230
420 0 2854
420 1 3230
419 0 2854
419 1 3230
418 0 2832
418 1 3230
417 0 2858
417 1 3230
416 0 2854
416 1 3230
415 0 2805
415 1 3227
414 0 2819
414 1 3227
413 0 2817
413 1 3230
412 0 2854
412 1 3230
410 0 2832
410 1 3230
409 0 2832
409 1 3230
406 0 2836
406 1 3230
404 0 2857
404 1 3230
403 0 2856
403 1 3230
402 0 2832
402 1 3230
401 0 2855
401 1 3230
400 0 2854
400 1 3230
399 0 2823
399 1 3230
398 0 2823
398 1 3230
397 0 2823
397 1 3230
394 0 2823
394 1 3230
393 0 2839
393 1 3230
392 0 2839
392 1 3230
391 0 2839
391 1 3230
390 0 2851
390 1 3230
389 0 2851
389 1 3230
388 0 2788
388 1 3229
385 0 2849
385 1 3227
384 0 2849
384 1 3227
383 0 2849
383 1 3227
382 0 2849
382 1 3227
381 0 2849
381 1 3227
380 0 2849
380 1 3227
379 0 2816
379 1 3227
378 0 2816
378 1 3227
377 0 2816
377 1 3227
376 0 2816
376 1 3227
375 0 2818
375 1 3227
374 0 2816
374 1 3227
373 0 2809
373 1 3227
372 0 2803
372 1 3227
371 0 2816
371 1 3227
370 0 2803
370 1 3227
369 0 2803
369 1 3227
368 0 2816
368 1 3227
367 0 2816
367 1 3227
366 0 2803
366 1 3227
362 0 2822
362 1 3233
361 0 2822
361 1 3233
360 0 2822
360 1 3233
359 0 2822
359 1 3233
358 0 2822
358 1 3233
357 0 2822
357 1 3233
356 0 2822
356 1 3233
355 0 2822
355 1 3233
354 0 2822
354 1 3233
353 0 2822
353 1 3233
352 0 2822
352 1 3233
351 0 2822
351 1 3233
350 0 2822
350 1 3233
349 0 2822
349 1 3233
348 0 2822
348 1 3233
347 0 2822
347 1 3233
346 0 2822
346 1 3233
345 0 2822
345 1 3233
343 0 2835
343 1 3227
342 0 2806
342 1 3227
341 0 2806
341 1 3227
340 0 2806
340 1 3227
339 0 2890
339 1 3227
338 0 2806
338 1 3227
337 0 2973
337 1 3229
335 0 2806
335 1 3227
332 0 2842
332 1 3227
329 0 2804
329 1 3227
328 0 2848
328 1 3227
327 0 2847
327 1 3227
326 0 2847
326 1 3227
325 0 2847
325 1 3227
324 0 2847
324 1 3227
323 0 2847
323 1 3227
321 0 2974
321 1 3227
320 0 2974
320 1 3227
319 0 2974
319 1 3227
318 0 2977
318 1 3227
317 0 2974
317 1 3227
316 0 2977
316 1 3227
315 0 2977
315 1 3227
314 0 2974
314 1 3227
313 0 2977
313 1 3227
312 0 2977
312 1 3227
311 0 2977
311 1 3227
310 0 2977
310 1 3232
309 0 2977
309 1 3227
308 0 2977
308 1 3227
307 0 2975
307 1 3232
306 0 2977
306 1 3232
305 0 2975
305 1 3227
304 0 2977
304 1 3227
303 0 2977
303 1 3227
302 0 2975
302 1 3232
301 0 2977
301 1 3227
300 0 2975
300 1 3232
299 0 2977
299 1 3227
298 0 2975
298 1 3232
297 0 2977
297 1 3227
296 0 2975
296 1 3232
295 0 2976
295 1 3227
294 0 2976
294 1 3227
293 0 2990
293 1 3233
292 0 2976
292 1 3227
291 0 2976
291 1 3227
290 0 2972
290 1 3232
289 0 2976
289 1 3227
288 0 2973
288 1 3227
287 0 2973
287 1 3227
286 0 2973
286 1 3227
285 0 2844
285 1 3232
281 0 2819
281 1 3232
280 0 2819
280 1 3232
279 0 2819
279 1 3232
278 0 2819
278 1 3232
277 0 2819
277 1 3232
276 0 2819
276 1 3232
275 0 2819
275 1 3232
274 0 2819
274 1 3232
273 0 2819
273 1 3232
272 0 2819
272 1 3232
271 0 2819
271 1 3232
270 0 2819
270 1 3232
269 0 2819
269 1 3232
268 0 2819
268 1 3232
267 0 2819
267 1 3232
266 0 2819
266 1 3232
265 0 2819
265 1 3232
262 0 2838
262 1 3234
261 0 2838
261 1 3234
260 0 2838
260 1 3234
259 0 2838
259 1 3234
258 0 2838
258 1 3234
257 0 2838
257 1 3234
256 0 2838
256 1 3234
255 0 2838
255 1 3234
254 0 2838
254 1 3234
253 0 2838
253 1 3234
252 0 2838
252 1 3234
251 0 2838
251 1 3234
250 0 2838
250 1 3234
249 0 2838
249 1 3234
248 0 2838
248 1 3234
247 0 2838
247 1 3234
246 0 2838
246 1 3234
245 0 2838
245 1 3234
244 0 2838
244 1 3234
243 0 2838
243 1 3234
242 0 2815
242 1 3227
241 0 2815
241 1 3227
238 0 2815
238 1 3227
237 0 2815
237 1 3227
236 0 2815
236 1 3227
235 0 2815
235 1 3227
234 0 2815
234 1 3227
233 0 2815
233 1 3227
232 0 2815
232 1 3227
231 0 2815
231 1 3227
230 0 2815
230 1 3227
229 0 2815
229 1 3227
228 0 2815
228 1 3227
227 0 2815
227 1 3227
226 0 2815
226 1 3227
225 0 2815
225 1 3227
224 0 2815
224 1 3227
223 0 2815
223 1 3227
222 0 2815
222 1 3227
221 0 2815
221 1 3227
220 0 2815
220 1 3227
219 0 2815
219 1 3227
218 0 2815
218 1 3227
217 0 2815
217 1 3227
216 0 2815
216 1 3227
215 0 2815
215 1 3227
214 0 2815
214 1 3227
213 0 2815
213 1 3227
212 0 2838
212 1 3234
211 0 2838
211 1 3234
210 0 2838
210 1 3234
209 0 2838
209 1 3234
208 0 2838
208 1 3234
207 0 2838
207 1 3234
206 0 2813
206 1 3232
205 0 2835
205 1 3227
204 0 2838
204 1 3234
203 0 2838
203 1 3234
202 0 2838
202 1 3234
201 0 2838
201 1 3234
200 0 2838
200 1 3234
199 0 2838
199 1 3234
198 0 2838
198 1 3234
197 0 2838
197 1 3234
195 0 2838
195 1 3234
194 0 2838
194 1 3234
193 0 2838
193 1 3234
191 0 2838
191 1 3234
190 0 2838
190 1 3234
188 0 2838
188 1 3234
187 0 2838
187 1 3234
185 0 2838
185 1 3234
184 0 2838
184 1 3234
181 0 2834
181 1 3230
180 0 2834
180 1 3230
179 0 2834
179 1 3230
178 0 2834
178 1 3230
177 0 2808
177 1 3227
176 0 2822
176 1 3233
175 0 2793
175 1 3230
174 0 2841
174 1 3229
173 0 2818
173 1 3232
167 0 2812
167 1 3233
165 0 2819
165 1 3233
164 0 2819
164 1 3233
163 0 2799
163 1 3227
161 0 2832
161 1 3230
160 0 2793
160 1 3232
159 0 2831
159 1 3230
158 0 2831
158 1 3230
157 0 2831
157 1 3230
155 0 2832
155 1 3230
154 0 2818
154 1 3230
153 0 2822
153 1 3229
152 0 2835
152 1 3229
151 0 2838
151 1 3229
149 0 2838
149 1 3229
148 0 2838
148 1 3229
147 0 2794
147 1 3232
146 0 2811
146 1 3230
145 0 2819
145 1 3232
143 0 2807
143 1 3233
142 0 2803
142 1 3232
141 0 3196
141 1 3229
140 0 3196
140 1 3229
139 0 2806
139 1 3227
138 0 2806
138 1 3232
136 0 2805
136 1 3232
131 0 2839
131 1 3229
124 0 2805
124 1 3227
123 0 2805
123 1 3227
122 0 2808
122 1 3227
121 0 2808
121 1 3227
120 0 2835
120 1 3229
119 0 2815
119 1 3227
118 0 2814
118 1 3227
117 0 2810
117 1 3229
116 0 2819
116 1 3232
115 0 2822
115 1 3229
114 0 2803
114 1 3232
113 0 2803
113 1 3232
112 0 2808
112 1 3227
111 0 2808
111 1 3227
110 0 2808
110 1 3227
108 0 2812
108 1 3232
107 0 2817
107 1 3230
106 0 2814
106 1 3232
105 0 2814
105 1 3233
102 0 2860
102 1 3229
101 0 2812
101 1 3232
100 0 2812
100 1 3232
99 0 2805
99 1 3232
98 0 2805
98 1 3232
97 0 2805
97 1 3232
96 0 2805
96 1 3232
95 0 2805
95 1 3232
94 0 2805
94 1 3232
93 0 2805
93 1 3232
92 0 2819
92 1 3232
91 0 2799
91 1 3229
90 0 2843
90 1 3227
89 0 2818
89 1 3233
88 0 2818
88 1 3233
87 0 2818
87 1 3232
85 0 2818
85 1 3233
84 0 2818
84 1 3227
83 0 2807
83 1 3232
82 0 3185
82 1 3227
81 0 2838
81 1 3229
80 0 2836
80 1 3229
79 0 2836
79 1 3229
78 0 2822
78 1 3229
77 0 2822
77 1 3229
76 0 2837
76 1 3229
75 0 2836
75 1 3229
74 0 2822
74 1 3229
73 0 2835
73 1 3227
72 0 2822
72 1 3229
71 0 2791
71 1 3230
67 0 2835
67 1 3227
66 0 2841
66 1 3229
64 0 2822
64 1 3229
63 0 2840
63 1 3229
62 0 3196
62 1 3229
61 0 2835
61 1 3229
59 0 2794
59 1 3227
58 0 2794
58 1 3227
54 0 2840
54 1 3229
52 0 2841
52 1 3229
51 0 3196
51 1 3229
50 0 2838
50 1 3229
49 0 2808
49 1 3227
48 0 2808
48 1 3227
47 0 2808
47 1 3227
46 0 2786
46 1 3230
45 0 2793
45 1 3233
44 0 2793
44 1 3230
43 0 2808
43 1 3227
42 0 2878
42 1 3227
41 0 2878
41 1 3227
40 0 2878
40 1 3227
39 0 2878
39 1 3227
37 0 2810
37 1 3229
36 0 2808
36 1 3227
35 0 2808
35 1 3227
34 0 2808
34 1 3227
33 0 2810
33 1 3229
32 0 2791
32 1 3230
31 0 2810
31 1 3229
30 0 2878
30 1 3227
28 0 2822
28 1 3233
27 0 2795
27 1 3229
26 0 2808
26 1 3227
25 0 2822
25 1 3229
24 0 2822
24 1 3229
23 0 2853
23 1 3230
21 0 2822
21 1 3229
20 0 2822
20 1 3229
19 0 2822
19 1 3229
18 0 2822
18 1 3229
17 0 2822
17 1 3229
14 0 2835
14 1 3229
13 0 3198
13 1 3232
10 0 2822
10 1 3229
9 0 2822
9 1 3229
7 0 2822
7 1 3229
6 0 2822
6 1 3229
5 0 2822
5 1 3229
4 0 2822
4 1 3229
3 0 2822
3 1 3229
2 0 2822
2 1 3229
1 0 2822
1 1 3229
0 0 2822
0 1 3227
