2784 0 2798
2783 0 2959
2782 0 3226
2781 0 2908
2780 0 2908
2779 0 2908
2778 0 2810
2777 0 3225
2776 0 2833
2775 0 2788
2774 0 3168
2773 0 2864
2772 0 2839
2771 0 2839
2770 0 3224
2769 0 2800
2768 0 2862
2767 0 3205
2766 0 2850
2765 0 3173
2764 0 3223
2763 0 2822
2762 0 2840
2761 0 3222
2760 0 3222
2759 0 2970
2758 0 3221
2757 0 2839
2756 0 2839
2755 0 2839
2754 0 2791
2753 0 2839
2752 0 2839
2751 0 2839
2750 0 2839
2749 0 2839
2748 0 2850
2747 0 3174
2745 0 2789
2744 0 2789
2743 0 2789
2742 0 2789
2741 0 2860
2740 0 2789
2739 0 2789
2738 0 2789
2737 0 2789
2736 0 2789
2735 0 2789
2734 0 2789
2733 0 2789
2732 0 2789
2731 0 2789
2730 0 2789
2729 0 2789
2728 0 2789
2727 0 2789
2726 0 2789
2725 0 2789
2724 0 2789
2723 0 2824
2722 0 3168
2721 0 3168
2720 0 2910
2719 0 2850
2718 0 2795
2717 0 2850
2716 0 2850
2715 0 2795
2714 0 3218
2713 0 2789
2712 0 3216
2711 0 3216
2710 0 3216
2709 0 2819
2708 0 2819
2707 0 3214
2706 0 2819
2705 0 3214
2704 0 2789
2703 0 2789
2702 0 2974
2701 0 3215
2700 0 2996
2699 0 3217
2698 0 2836
2697 0 3213
2696 0 3213
2695 0 3212
2694 0 3195
2693 0 3195
2692 0 3195
2691 0 3195
2690 0 3195
2689 0 3195
2688 0 3195
2687 0 3195
2686 0 3195
2685 0 3219
2684 0 3219
2683 0 3219
2682 0 3219
2681 0 3033
2680 0 3045
2679 0 3220
2678 0 3034
2677 0 3034
2676 0 3032
2675 0 3032
2674 0 3034
2673 0 3032
2672 0 3211
2671 0 2967
2670 0 2967
2669 0 2837
2668 0 2837
2667 0 2837
2666 0 2837
2665 0 2821
2664 0 3209
2663 0 3071
2662 0 3065
2661 0 3072
2660 0 3208
2659 0 3207
2658 0 3210
2657 0 3206
2656 0 2840
2655 0 2840
2654 0 2840
2653 0 3202
2652 0 3020
2651 0 3020
2650 0 2832
2649 0 3006
2648 0 3006
2647 0 3006
2646 0 3006
2645 0 3006
2644 0 3006
2643 0 2802
2642 0 3205
2641 0 3205
2640 0 2946
2639 0 3204
2638 0 2788
2637 0 2788
2636 0 2951
2635 0 2949
2634 0 2949
2633 0 2949
2632 0 3203
2631 0 2951
2630 0 2788
2629 0 2788
2628 0 3201
2627 0 2967
2626 0 2967
2625 0 2967
2624 0 3200
2623 0 2788
2622 0 3199
2621 0 3199
2620 0 3199
2619 0 2982
2618 0 2832
2617 0 3002
2616 0 3002
2615 0 3002
2614 0 3002
2613 0 3002
2612 0 2785
2611 0 2822
2610 0 2819
2609 0 2819
2608 0 2791
2607 0 2791
2606 0 2791
2605 0 2791
2604 0 2791
2603 0 2791
2602 0 2791
2601 0 2791
2600 0 2791
2599 0 2791
2598 0 2791
2597 0 3168
2596 0 2850
2595 0 2791
2594 0 2791
2593 0 2819
2592 0 2789
2591 0 2789
2590 0 2819
2589 0 2789
2588 0 3195
2587 0 2819
2586 0 2819
2585 0 2819
2584 0 2819
2583 0 2819
2582 0 2819
2581 0 2819
2580 0 2819
2579 0 2819
2578 0 2819
2577 0 2819
2576 0 2819
2575 0 2819
2574 0 2819
2573 0 2819
2572 0 2819
2571 0 2810
2570 0 2817
2569 0 2877
2568 0 2789
2567 0 2789
2566 0 3191
2565 0 3195
2564 0 2957
2563 0 2957
2562 0 2957
2561 0 2785
2560 0 2791
2559 0 2840
2558 0 2791
2557 0 2785
2556 0 3155
2555 0 2785
2554 0 3193
2553 0 2785
2552 0 2785
2551 0 2819
2550 0 3192
2549 0 2805
2548 0 2785
2547 0 2790
2546 0 3191
2545 0 3191
2544 0 2822
2543 0 2840
2540 0 2969
2539 0 2969
2538 0 2969
2537 0 2969
2536 0 2969
2535 0 2969
2534 0 2969
2533 0 2969
2532 0 2969
2531 0 2969
2530 0 2969
2529 0 2969
2528 0 2969
2527 0 2969
2526 0 2969
2525 0 2969
2524 0 2969
2523 0 2969
2522 0 2969
2521 0 2969
2520 0 2969
2519 0 2969
2518 0 2969
2517 0 2969
2516 0 2877
2515 0 3033
2514 0 3033
2513 0 3033
2512 0 3033
2511 0 3033
2510 0 3033
2509 0 2969
2508 0 2969
2507 0 2969
2506 0 2969
2505 0 2969
2504 0 2969
2503 0 2969
2502 0 2969
2501 0 2969
2500 0 2969
2499 0 2969
2498 0 2969
2497 0 2969
2496 0 2969
2495 0 2969
2494 0 2969
2493 0 2969
2492 0 2969
2491 0 2969
2490 0 2969
2489 0 2822
2488 0 2822
2487 0 2822
2486 0 2822
2485 0 2822
2484 0 2822
2483 0 2822
2482 0 2822
2481 0 2819
2480 0 2878
2479 0 3190
2478 0 3195
2477 0 2789
2476 0 3178
2475 0 2969
2474 0 2969
2473 0 2969
2472 0 2969
2471 0 2969
2470 0 2969
2469 0 2969
2468 0 2969
2467 0 2969
2466 0 2969
2465 0 2969
2464 0 2969
2463 0 2969
2462 0 2969
2461 0 2969
2460 0 2969
2459 0 2969
2458 0 2969
2457 0 2822
2456 0 2822
2455 0 2822
2454 0 2822
2453 0 2969
2452 0 2969
2451 0 2969
2450 0 2969
2449 0 2969
2448 0 2969
2447 0 2969
2446 0 2969
2445 0 2969
2444 0 2969
2443 0 2969
2442 0 2969
2441 0 2789
2440 0 2789
2439 0 2789
2438 0 2789
2437 0 2789
2436 0 2789
2435 0 2789
2434 0 2789
2433 0 2789
2432 0 2789
2431 0 2789
2430 0 2789
2429 0 2789
2428 0 2789
2427 0 2789
2426 0 2789
2425 0 2789
2424 0 2789
2423 0 2789
2422 0 2789
2421 0 2789
2420 0 2789
2419 0 2789
2418 0 2789
2417 0 2789
2416 0 2789
2415 0 2789
2414 0 2789
2413 0 2789
2412 0 2789
2411 0 2789
2410 0 2789
2409 0 2789
2408 0 2789
2407 0 2789
2406 0 2789
2405 0 2789
2404 0 2789
2403 0 2789
2402 0 2789
2401 0 2789
2400 0 2969
2399 0 2969
2398 0 2969
2397 0 2969
2396 0 2969
2395 0 2969
2394 0 2969
2393 0 2969
2392 0 2969
2391 0 3189
2390 0 3155
2389 0 3155
2388 0 3155
2387 0 2789
2386 0 2834
2385 0 2834
2384 0 2815
2383 0 2789
2382 0 3194
2381 0 2835
2380 0 3194
2379 0 2834
2378 0 2822
2376 0 2969
2373 0 3188
2372 0 3188
2371 0 2819
2370 0 2819
2369 0 2819
2368 0 2819
2367 0 2819
2366 0 2819
2365 0 2819
2364 0 2819
2363 0 2819
2362 0 2819
2361 0 2819
2360 0 2819
2359 0 2819
2358 0 2819
2357 0 2819
2356 0 2839
2355 0 2839
2354 0 2819
2353 0 3186
2352 0 3186
2351 0 3186
2350 0 2862
2349 0 3187
2348 0 3186
2347 0 3185
2346 0 3185
2345 0 3184
2344 0 3183
2343 0 3182
2342 0 2839
2341 0 2805
2340 0 3155
2339 0 2787
2338 0 2825
2337 0 2832
2336 0 2817
2335 0 2822
2334 0 3159
2333 0 2827
2332 0 2829
2331 0 2830
2330 0 2830
2329 0 2801
2328 0 2820
2327 0 2801
2326 0 2827
2325 0 2817
2324 0 2817
2323 0 2824
2322 0 2817
2321 0 2826
2320 0 2825
2319 0 2803
2318 0 2830
2317 0 2826
2316 0 2825
2315 0 2826
2314 0 2832
2313 0 2799
2312 0 2827
2311 0 2827
2310 0 2832
2309 0 2799
2308 0 2817
2307 0 2832
2306 0 2832
2305 0 2832
2304 0 2832
2303 0 2832
2302 0 2832
2301 0 2827
2300 0 2845
2299 0 2789
2298 0 2817
2297 0 2832
2296 0 2786
2295 0 3162
2294 0 2829
2293 0 2835
2292 0 2820
2291 0 2789
2290 0 2821
2289 0 2786
2288 0 2823
2287 0 2827
2286 0 2825
2285 0 2826
2284 0 2827
2283 0 2794
2282 0 3162
2281 0 2799
2280 0 2799
2279 0 2826
2278 0 2789
2277 0 2826
2276 0 2830
2275 0 2825
2274 0 2819
2273 0 3162
2272 0 2845
2271 0 2787
2270 0 2820
2269 0 2820
2268 0 2787
2267 0 2820
2266 0 2852
2265 0 2826
2264 0 2832
2263 0 2791
2262 0 2809
2261 0 2830
2260 0 2845
2259 0 2809
2258 0 2832
2257 0 2830
2256 0 2832
2255 0 2820
2254 0 2820
2253 0 2835
2252 0 2789
2251 0 3161
2250 0 2824
2249 0 2820
2248 0 2823
2247 0 3161
2246 0 2809
2245 0 2819
2244 0 2823
2243 0 2818
2242 0 2824
2241 0 2835
2240 0 2819
2239 0 3170
2238 0 2795
2237 0 3170
2236 0 3170
2235 0 3170
2234 0 3170
2233 0 2810
2232 0 3181
2231 0 2822
2230 0 2822
2229 0 2822
2228 0 2836
2227 0 3049
2226 0 3049
2225 0 3049
2223 0 2796
2222 0 2796
2221 0 2796
2220 0 2796
2219 0 2796
2218 0 2796
2217 0 2796
2216 0 2796
2211 0 2796
2210 0 2850
2209 0 2850
2208 0 2796
2207 0 2796
2206 0 2796
2205 0 2796
2204 0 2796
2203 0 2819
2202 0 2826
2201 0 2796
2200 0 2852
2199 0 2852
2198 0 2852
2197 0 2852
2196 0 2852
2195 0 2852
2194 0 2852
2193 0 2852
2192 0 2852
2191 0 2852
2190 0 2852
2189 0 2828
2188 0 2791
2187 0 2851
2186 0 2854
2185 0 2796
2184 0 2796
2183 0 2796
2182 0 2796
2181 0 2796
2180 0 2796
2179 0 2796
2178 0 2796
2177 0 2796
2176 0 2796
2175 0 2796
2174 0 2796
2173 0 2796
2172 0 2832
2171 0 2796
2170 0 2796
2169 0 2796
2168 0 2796
2167 0 2796
2166 0 2796
2165 0 2796
2164 0 2796
2163 0 2796
2162 0 2796
2161 0 2796
2160 0 2796
2159 0 2796
2158 0 2796
2157 0 2796
2156 0 2796
2155 0 3176
2154 0 3176
2153 0 2852
2152 0 2796
2151 0 2852
2150 0 2796
2149 0 2852
2148 0 2796
2147 0 2850
2146 0 2796
2145 0 2796
2144 0 2799
2143 0 2860
2142 0 2799
2141 0 2826
2140 0 2860
2139 0 2850
2138 0 2852
2137 0 2826
2136 0 2852
2135 0 2852
2134 0 2826
2133 0 2819
2132 0 2864
2131 0 2943
2130 0 2943
2129 0 2796
2128 0 2852
2127 0 2943
2126 0 2852
2125 0 2830
2124 0 2852
2123 0 2830
2122 0 2854
2121 0 2854
2120 0 2796
2119 0 3049
2118 0 3180
2117 0 2796
2116 0 2796
2115 0 2839
2114 0 2796
2113 0 2839
2112 0 2854
2111 0 2786
2110 0 3179
2109 0 2786
2108 0 2786
2107 0 2786
2106 0 2854
2105 0 2837
2104 0 3169
2103 0 3169
2102 0 2850
2101 0 2850
2100 0 2850
2099 0 2854
2098 0 2850
2097 0 2850
2096 0 2850
2095 0 2850
2094 0 2850
2093 0 2850
2092 0 2850
2091 0 2850
2090 0 3169
2089 0 3177
2088 0 3177
2085 0 2837
2084 0 2831
2083 0 2831
2082 0 2819
2081 0 2819
2080 0 2819
2079 0 2819
2078 0 2819
2077 0 2846
2076 0 2819
2075 0 3191
2074 0 2854
2073 0 2854
2072 0 3176
2071 0 3176
2070 0 3176
2069 0 3176
2068 0 3176
2067 0 3176
2066 0 2839
2065 0 3171
2064 0 3171
2063 0 3171
2062 0 3171
2061 0 3172
2060 0 3172
2059 0 3171
2058 0 3171
2057 0 3172
2056 0 3172
2055 0 3172
2054 0 3171
2053 0 3169
2052 0 3169
2051 0 3169
2050 0 3169
2049 0 3169
2048 0 3169
2047 0 3169
2046 0 3169
2045 0 3169
2044 0 3174
2043 0 3171
2042 0 3168
2038 0 3157
2037 0 3157
2036 0 3157
2035 0 3167
2034 0 3189
2033 0 2786
2032 0 2786
2031 0 3175
2030 0 2797
2029 0 2797
2028 0 3175
2027 0 2787
2026 0 2787
2025 0 3175
2024 0 2912
2023 0 3164
2022 0 3166
2021 0 3166
2020 0 3163
2019 0 3163
2018 0 2852
2017 0 3166
2016 0 3166
2015 0 3166
2014 0 3165
2012 0 2812
2011 0 2812
2010 0 2837
2009 0 2837
2008 0 2837
2007 0 2837
2006 0 2837
2005 0 2837
2004 0 2943
2003 0 2943
2002 0 2943
2001 0 2837
2000 0 2837
1999 0 2943
1998 0 3164
1997 0 2943
1995 0 3161
1994 0 3161
1993 0 3160
1992 0 2835
1991 0 2835
1990 0 3197
1989 0 2810
1988 0 2810
1987 0 3156
1986 0 3156
1985 0 2810
1984 0 2823
1983 0 2823
1982 0 2823
1981 0 2823
1980 0 2823
1979 0 3157
1978 0 3158
1977 0 3158
1976 0 3158
1975 0 3158
1974 0 3156
1972 0 2836
1968 0 3161
1967 0 2835
1966 0 3155
1965 0 2835
1964 0 2861
1963 0 3154
1962 0 3146
1961 0 3146
1960 0 3146
1959 0 3145
1958 0 3142
1957 0 3144
1956 0 3142
1955 0 3142
1954 0 3145
1953 0 3144
1951 0 3148
1950 0 3148
1949 0 3144
1948 0 3147
1947 0 3147
1946 0 3147
1945 0 3144
1944 0 3146
1943 0 3147
1942 0 3146
1941 0 3149
1939 0 3144
1938 0 3151
1937 0 3146
1936 0 3148
1935 0 3148
1934 0 3150
1933 0 3147
1932 0 3146
1931 0 3146
1930 0 3144
1929 0 3149
1928 0 3143
1927 0 3146
1926 0 3153
1925 0 3144
1924 0 3152
1923 0 3144
1922 0 3148
1921 0 3148
1920 0 3148
1919 0 3148
1918 0 3146
1917 0 3147
1916 0 3147
1915 0 3146
1914 0 3144
1913 0 3139
1912 0 3139
1911 0 3139
1910 0 3133
1909 0 3135
1908 0 3137
1907 0 3136
1906 0 3136
1905 0 3135
1904 0 3130
1903 0 3130
1902 0 3130
1901 0 3130
1900 0 3133
1899 0 3139
1898 0 3133
1897 0 3137
1896 0 3135
1895 0 3132
1894 0 3140
1893 0 3133
1892 0 3135
1891 0 3135
1890 0 3136
1889 0 3138
1888 0 3130
1887 0 3130
1886 0 3135
1885 0 3141
1884 0 3133
1882 0 3140
1881 0 3135
1880 0 3136
1879 0 3135
1878 0 3133
1877 0 3136
1876 0 3136
1875 0 3136
1874 0 3133
1873 0 3130
1872 0 3130
1870 0 3133
1869 0 3134
1868 0 3131
1867 0 3131
1866 0 3133
1865 0 3131
1864 0 3121
1863 0 3119
1862 0 3119
1861 0 3119
1860 0 3122
1859 0 3122
1858 0 3126
1857 0 3126
1856 0 3126
1855 0 3125
1854 0 3123
1853 0 3123
1852 0 3119
1851 0 3118
1850 0 3122
1849 0 3123
1848 0 3117
1847 0 3117
1846 0 3119
1845 0 3121
1844 0 3123
1843 0 3123
1842 0 3127
1841 0 3121
1840 0 3119
1839 0 3119
1838 0 3122
1837 0 3129
1836 0 3123
1835 0 3122
1834 0 3120
1833 0 3122
1832 0 3121
1831 0 3123
1830 0 3124
1829 0 3121
1828 0 3121
1827 0 3128
1826 0 3123
1825 0 3121
1824 0 3122
1823 0 3121
1822 0 3120
1821 0 3123
1820 0 3117
1819 0 3121
1818 0 3113
1817 0 3111
1816 0 3111
1815 0 3111
1814 0 3116
1813 0 3116
1812 0 3116
1811 0 3116
1810 0 3113
1809 0 3113
1808 0 3110
1807 0 3110
1806 0 3110
1805 0 3110
1804 0 3110
1803 0 3106
1802 0 3114
1801 0 3114
1800 0 3114
1799 0 3114
1798 0 3112
1797 0 3110
1796 0 3107
1795 0 3111
1794 0 3111
1793 0 3109
1792 0 3110
1791 0 3110
1790 0 3113
1789 0 3115
1788 0 3108
1787 0 3114
1786 0 3114
1785 0 3111
1783 0 3111
1782 0 3113
1781 0 3111
1780 0 3113
1779 0 3105
1778 0 3113
1777 0 3114
1776 0 3114
1775 0 3104
1774 0 3104
1773 0 3104
1772 0 3110
1771 0 3105
1770 0 3093
1769 0 3093
1768 0 3090
1767 0 3099
1766 0 3098
1765 0 3089
1764 0 3093
1763 0 3099
1762 0 3089
1761 0 3089
1760 0 3088
1759 0 3088
1758 0 3089
1757 0 3089
1756 0 3089
1755 0 3096
1754 0 3086
1753 0 3097
1752 0 3100
1751 0 3097
1750 0 3088
1749 0 3088
1748 0 3085
1747 0 3086
1746 0 3086
1745 0 3099
1744 0 3086
1743 0 3099
1742 0 3099
1741 0 3089
1740 0 3092
1739 0 3092
1738 0 3092
1737 0 3092
1736 0 3092
1735 0 3101
1734 0 3088
1733 0 3088
1732 0 3099
1730 0 3099
1729 0 3086
1728 0 3099
1727 0 3094
1726 0 3098
1725 0 3098
1724 0 3096
1723 0 3096
1722 0 3095
1721 0 3086
1720 0 3102
1719 0 3087
1718 0 3091
1717 0 3103
1716 0 3091
1715 0 3093
1714 0 3089
1713 0 3088
1712 0 3084
1711 0 3084
1710 0 3084
1709 0 3099
1708 0 3101
1707 0 3086
1706 0 3089
1705 0 3081
1704 0 2919
1703 0 3083
1701 0 3082
1700 0 3081
1697 0 3075
1696 0 3076
1695 0 3079
1693 0 3074
1692 0 3075
1691 0 3075
1690 0 3081
1689 0 3082
1687 0 3080
1686 0 3080
1685 0 3080
1684 0 3080
1683 0 3080
1682 0 3080
1681 0 3080
1680 0 3080
1679 0 3080
1678 0 3082
1677 0 3079
1676 0 3080
1675 0 3080
1674 0 3080
1672 0 3082
1671 0 3076
1670 0 3082
1669 0 3076
1668 0 3082
1667 0 3078
1666 0 3077
1665 0 3077
1664 0 3077
1663 0 3075
1662 0 3069
1661 0 3069
1660 0 3069
1659 0 3069
1658 0 3069
1657 0 3069
1656 0 3069
1655 0 3069
1654 0 3069
1653 0 3069
1652 0 3069
1651 0 3069
1650 0 3069
1649 0 3070
1648 0 3071
1646 0 3072
1644 0 3073
1643 0 3065
1642 0 3064
1641 0 3066
1640 0 3068
1639 0 3072
1638 0 3067
1637 0 3072
1636 0 3069
1635 0 3068
1634 0 3068
1633 0 3068
1632 0 3072
1631 0 3066
1630 0 3066
1629 0 3066
1628 0 3066
1627 0 3066
1626 0 3066
1625 0 3066
1623 0 3066
1622 0 3066
1621 0 3066
1620 0 3065
1619 0 3064
1618 0 3063
1617 0 3062
1616 0 3062
1615 0 3066
1614 0 3070
1613 0 3067
1612 0 3062
1611 0 3069
1610 0 3066
1609 0 3064
1608 0 3064
1607 0 3066
1606 0 3072
1605 0 3068
1604 0 3069
1603 0 3069
1602 0 3069
1601 0 3070
1600 0 3064
1599 0 3061
1598 0 3058
1597 0 3054
1596 0 3054
1595 0 3051
1594 0 3056
1593 0 3061
1592 0 3052
1591 0 3057
1590 0 3057
1589 0 3051
1588 0 3059
1587 0 3060
1586 0 3059
1585 0 3061
1584 0 3061
1583 0 3057
1582 0 3051
1581 0 3055
1580 0 3055
1579 0 3055
1578 0 3053
1577 0 3056
1576 0 3053
1575 0 3055
1574 0 3057
1573 0 3057
1572 0 3050
1571 0 3050
1570 0 3056
1569 0 3057
1568 0 3050
1567 0 2822
1566 0 2822
1565 0 2822
1564 0 2822
1563 0 2822
1562 0 2822
1561 0 2822
1560 0 2822
1559 0 2822
1554 0 2810
1553 0 2810
1552 0 2810
1551 0 2788
1550 0 3048
1549 0 3048
1548 0 3048
1547 0 3048
1546 0 3036
1545 0 3032
1544 0 2860
1543 0 3047
1542 0 3025
1541 0 2860
1540 0 3032
1539 0 3046
1538 0 3045
1537 0 3044
1536 0 3044
1535 0 3044
1534 0 3044
1533 0 3032
1532 0 3038
1531 0 3038
1528 0 3037
1527 0 3035
1526 0 3036
1525 0 3036
1524 0 3034
1523 0 3026
1522 0 3026
1521 0 3026
1520 0 3026
1519 0 3026
1518 0 3038
1517 0 3044
1516 0 3025
1515 0 3044
1514 0 3044
1513 0 3044
1512 0 3038
1511 0 3036
1510 0 3036
1509 0 3036
1508 0 3036
1507 0 3036
1506 0 3036
1505 0 3030
1504 0 3026
1503 0 3024
1502 0 3023
1501 0 3023
1500 0 3038
1499 0 3023
1498 0 3043
1497 0 3026
1496 0 3026
1494 0 3041
1493 0 3029
1492 0 3035
1491 0 3041
1490 0 3040
1489 0 3042
1488 0 3040
1487 0 3042
1486 0 3042
1485 0 3035
1484 0 3032
1483 0 3035
1482 0 3040
1481 0 3032
1480 0 3032
1479 0 3032
1478 0 3032
1477 0 3032
1476 0 3032
1475 0 3032
1474 0 3032
1473 0 3032
1472 0 3032
1471 0 3032
1470 0 3032
1469 0 3032
1468 0 3031
1467 0 3029
1466 0 3028
1465 0 3027
1464 0 3027
1463 0 3032
1462 0 3032
1461 0 3032
1460 0 3032
1459 0 3032
1458 0 3032
1457 0 3041
1456 0 3040
1455 0 3027
1454 0 3033
1453 0 3029
1452 0 3032
1451 0 3029
1450 0 3032
1449 0 3041
1448 0 3035
1447 0 3042
1446 0 3039
1445 0 3042
1444 0 3042
1443 0 3003
1442 0 3022
1441 0 3002
1440 0 3019
1439 0 3019
1438 0 3019
1437 0 3019
1436 0 3018
1435 0 3018
1434 0 3018
1433 0 3018
1432 0 3018
1431 0 3018
1430 0 3018
1429 0 3018
1428 0 3018
1427 0 3017
1426 0 3017
1425 0 3017
1424 0 3016
1423 0 2860
1422 0 3014
1421 0 3010
1420 0 3014
1419 0 3014
1418 0 3015
1417 0 3002
1416 0 3002
1415 0 3011
1414 0 3006
1413 0 3006
1412 0 3004
1411 0 3010
1410 0 3010
1409 0 3010
1408 0 3010
1407 0 3007
1406 0 3005
1405 0 3005
1404 0 3005
1403 0 3018
1402 0 3006
1401 0 3016
1400 0 3016
1399 0 3016
1398 0 3006
1397 0 3016
1396 0 3014
1395 0 3017
1394 0 3018
1393 0 3006
1392 0 3017
1391 0 2997
1390 0 3017
1389 0 3006
1388 0 3021
1387 0 3012
1386 0 3018
1385 0 3018
1384 0 3014
1383 0 2998
1382 0 3016
1381 0 3018
1380 0 3021
1379 0 3016
1378 0 3016
1377 0 3007
1376 0 3013
1375 0 3013
1374 0 3016
1373 0 3014
1372 0 3016
1371 0 3006
1370 0 3012
1369 0 3018
1368 0 3006
1367 0 3006
1366 0 3017
1365 0 3006
1364 0 2997
1363 0 3002
1362 0 3002
1361 0 3002
1360 0 3002
1359 0 3008
1358 0 3008
1357 0 2999
1356 0 3002
1355 0 3005
1354 0 3011
1353 0 3011
1352 0 3007
1351 0 3009
1350 0 3008
1349 0 3002
1348 0 3002
1347 0 3007
1346 0 3007
1345 0 3004
1344 0 3002
1343 0 3002
1342 0 3002
1341 0 3008
1340 0 3011
1339 0 3001
1338 0 3002
1337 0 3005
1336 0 3007
1335 0 3008
1333 0 3000
1332 0 3000
1331 0 3005
1330 0 3011
1329 0 3002
1328 0 3008
1327 0 3005
1326 0 3002
1325 0 3004
1324 0 3008
1323 0 3002
1322 0 3002
1321 0 3002
1320 0 3002
1319 0 3002
1318 0 3002
1316 0 3002
1315 0 3007
1314 0 3002
1313 0 3005
1312 0 3008
1311 0 3000
1310 0 2982
1309 0 2996
1308 0 2995
1307 0 2987
1306 0 2994
1305 0 2987
1304 0 2992
1303 0 2993
1302 0 2993
1301 0 2993
1300 0 2993
1299 0 2990
1297 0 2990
1296 0 2985
1295 0 2990
1294 0 2989
1293 0 2989
1292 0 2989
1291 0 2989
1290 0 2976
1289 0 2976
1288 0 2988
1287 0 2988
1286 0 2986
1285 0 2988
1284 0 2988
1283 0 2988
1282 0 2988
1281 0 2988
1280 0 2991
1278 0 2975
1277 0 2860
1276 0 2982
1275 0 2982
1274 0 2982
1273 0 2982
1272 0 2982
1271 0 2979
1270 0 2980
1269 0 2984
1268 0 2984
1267 0 2984
1266 0 2984
1265 0 2993
1264 0 2993
1263 0 2993
1262 0 2982
1261 0 2992
1260 0 2986
1259 0 2981
1258 0 2986
1257 0 2993
1256 0 2982
1255 0 2979
1254 0 2993
1253 0 2984
1252 0 2984
1251 0 2986
1250 0 2986
1249 0 2986
1248 0 2979
1247 0 2986
1246 0 2993
1245 0 2992
1244 0 2979
1243 0 2992
1242 0 2991
1241 0 2979
1240 0 2979
1239 0 2979
1238 0 2984
1237 0 2984
1235 0 2983
1234 0 2983
1233 0 2978
1232 0 2978
1231 0 2978
1230 0 2993
1229 0 2982
1228 0 2982
1227 0 2993
1226 0 2971
1225 0 2824
1224 0 2824
1223 0 2824
1222 0 2824
1221 0 2824
1218 0 2822
1217 0 2822
1215 0 2970
1214 0 2943
1212 0 2943
1211 0 2819
1210 0 2819
1209 0 2943
1208 0 2943
1207 0 2965
1206 0 2964
1205 0 2963
1204 0 2962
1203 0 2962
1202 0 2788
1201 0 2967
1200 0 2967
1199 0 2967
1198 0 2967
1197 0 2963
1196 0 2963
1195 0 2963
1194 0 2968
1193 0 2968
1192 0 2968
1191 0 2968
1190 0 2968
1189 0 2968
1188 0 2968
1187 0 2968
1186 0 2968
1185 0 2968
1184 0 2968
1183 0 2968
1182 0 2962
1181 0 2962
1180 0 2962
1179 0 2962
1178 0 2968
1177 0 2968
1176 0 2968
1175 0 2962
1174 0 2962
1173 0 2962
1172 0 2962
1171 0 2962
1170 0 2966
1169 0 2966
1168 0 2960
1167 0 2964
1166 0 2960
1165 0 2963
1164 0 2960
1163 0 2960
1162 0 2965
1161 0 2966
1160 0 2963
1159 0 2965
1158 0 2961
1157 0 2965
1156 0 2960
1155 0 2966
1153 0 2958
1152 0 2958
1151 0 2958
1150 0 2964
1149 0 2967
1148 0 2967
1147 0 2962
1146 0 2962
1145 0 2962
1144 0 2962
1143 0 2962
1142 0 2962
1141 0 2966
1140 0 2966
1139 0 2964
1138 0 2964
1137 0 2964
1136 0 2964
1135 0 2964
1134 0 2964
1133 0 2963
1132 0 2966
1131 0 2962
1130 0 2964
1129 0 2963
1128 0 2964
1127 0 2960
1126 0 2960
1125 0 2963
1124 0 2964
1123 0 2966
1122 0 2822
1120 0 2957
1119 0 2957
1118 0 2951
1117 0 2949
1116 0 2949
1115 0 2949
1114 0 2948
1113 0 2954
1112 0 2956
1111 0 2950
1110 0 2945
1109 0 2878
1108 0 2940
1107 0 2953
1106 0 2945
1105 0 2945
1104 0 2945
1103 0 2949
1102 0 2952
1101 0 2952
1100 0 2950
1099 0 2944
1098 0 2941
1097 0 2949
1096 0 2954
1095 0 2951
1094 0 2955
1093 0 2952
1092 0 2945
1091 0 2945
1090 0 2945
1089 0 2950
1088 0 2951
1087 0 2951
1086 0 2949
1085 0 3025
1084 0 2945
1083 0 2949
1082 0 2952
1081 0 2949
1080 0 2953
1079 0 2952
1078 0 2945
1077 0 2945
1076 0 2945
1075 0 2945
1074 0 2945
1073 0 2945
1072 0 2949
1070 0 2951
1069 0 2949
1066 0 2952
1065 0 2947
1064 0 2945
1063 0 2945
1062 0 2945
1061 0 2952
1060 0 2954
1059 0 2946
1058 0 2950
1057 0 2945
1056 0 2950
1055 0 2950
1054 0 2950
1053 0 2951
1052 0 2952
1050 0 2947
1049 0 2947
1048 0 2950
1047 0 2950
1046 0 2954
1043 0 2943
1042 0 2938
1041 0 2938
1040 0 2938
1039 0 2942
1038 0 2934
1037 0 2931
1036 0 2941
1035 0 2941
1034 0 2938
1033 0 2937
1032 0 2936
1031 0 2934
1030 0 2932
1029 0 2934
1028 0 2932
1027 0 2935
1026 0 2863
1025 0 2863
1024 0 2863
1023 0 2863
1022 0 2928
1021 0 2837
1020 0 2940
1019 0 2940
1018 0 2929
1017 0 2936
1016 0 2936
1015 0 2934
1014 0 2934
1013 0 2934
1012 0 2934
1011 0 2934
1010 0 2934
1009 0 2929
1008 0 2929
1007 0 2930
1006 0 2932
1005 0 2933
1004 0 2934
1003 0 2934
1002 0 2934
1001 0 2934
1000 0 2934
999 0 2934
998 0 2934
997 0 2934
996 0 2934
995 0 2935
994 0 2935
993 0 2935
992 0 2935
991 0 2935
990 0 2935
989 0 2935
988 0 2936
987 0 2937
986 0 2937
985 0 2937
984 0 2938
983 0 2938
982 0 2938
981 0 2931
980 0 2936
979 0 2938
978 0 2936
977 0 2936
976 0 2937
975 0 2935
974 0 2932
973 0 2933
972 0 2939
970 0 2939
968 0 2934
967 0 2934
966 0 2921
965 0 2921
964 0 2927
963 0 2927
960 0 2923
959 0 2926
958 0 2926
957 0 2923
956 0 2923
955 0 2923
954 0 2923
952 0 2923
951 0 2920
950 0 2916
949 0 2916
948 0 2919
947 0 2922
946 0 2924
945 0 2923
944 0 2923
943 0 2925
942 0 2923
941 0 2918
940 0 2925
939 0 2925
938 0 2925
937 0 2924
936 0 2924
935 0 2924
934 0 2923
933 0 2919
932 0 2922
931 0 2922
930 0 2922
929 0 2922
928 0 2922
927 0 2922
926 0 2922
925 0 2922
924 0 2921
923 0 2921
922 0 2921
921 0 2921
920 0 2921
919 0 2921
918 0 2921
917 0 2921
916 0 2921
915 0 2921
914 0 2920
913 0 2919
912 0 2919
911 0 2917
910 0 2916
909 0 2916
908 0 2921
907 0 2921
906 0 2921
905 0 2921
904 0 2921
903 0 2921
902 0 2923
901 0 2923
900 0 2916
899 0 2913
898 0 2909
897 0 2909
896 0 2909
895 0 2909
894 0 2909
893 0 2907
892 0 2911
888 0 2907
887 0 2913
886 0 2904
884 0 2907
883 0 2907
882 0 2912
881 0 2907
880 0 2906
879 0 2903
878 0 2903
877 0 2903
876 0 2905
875 0 2906
874 0 2906
873 0 2906
872 0 2906
871 0 2906
870 0 2906
869 0 2907
868 0 2907
867 0 2907
866 0 2907
865 0 2907
864 0 2913
863 0 2913
862 0 2913
861 0 2914
860 0 2914
859 0 2914
858 0 2911
857 0 2914
856 0 2904
855 0 2904
854 0 2907
853 0 2907
852 0 2907
851 0 2907
850 0 2907
849 0 2907
848 0 2907
847 0 2907
846 0 2907
845 0 2907
844 0 2907
843 0 2909
842 0 2915
841 0 2907
840 0 2897
839 0 2897
838 0 2897
837 0 2897
836 0 2897
835 0 2897
834 0 2897
833 0 2895
832 0 2895
831 0 2895
830 0 2895
829 0 2895
828 0 2895
827 0 2878
826 0 2895
825 0 2895
824 0 2895
823 0 2895
822 0 2895
821 0 2895
820 0 2902
819 0 2902
818 0 2898
817 0 2900
816 0 2900
815 0 2898
814 0 2898
813 0 2898
812 0 2898
811 0 2898
810 0 2898
809 0 2900
808 0 2900
807 0 2900
806 0 2897
805 0 2896
804 0 2896
803 0 2896
802 0 2896
801 0 2896
800 0 2895
799 0 2895
798 0 2894
797 0 2895
795 0 2899
794 0 2899
793 0 2899
792 0 2899
791 0 2899
790 0 2899
789 0 2901
788 0 2893
787 0 2893
786 0 2893
785 0 2897
784 0 2899
782 0 2895
780 0 2895
779 0 2888
777 0 2892
776 0 2892
775 0 2892
774 0 2892
773 0 2884
772 0 2884
771 0 2884
770 0 2884
769 0 2884
768 0 2890
767 0 2887
766 0 2795
765 0 2888
764 0 2860
763 0 2888
762 0 2888
761 0 2888
760 0 2880
759 0 2881
758 0 2881
757 0 2881
756 0 2870
755 0 2870
754 0 2885
753 0 2887
752 0 2887
751 0 2887
750 0 2887
749 0 2887
748 0 2887
747 0 2886
746 0 2886
745 0 2886
744 0 2886
743 0 2886
742 0 2886
741 0 2882
740 0 2884
739 0 2884
738 0 2880
737 0 2880
736 0 2880
735 0 2880
734 0 2880
733 0 2884
732 0 2884
731 0 2880
730 0 2880
729 0 2880
728 0 2884
727 0 2884
726 0 2880
725 0 2880
724 0 2880
723 0 2884
722 0 2884
721 0 2884
720 0 2884
719 0 2884
718 0 2884
717 0 2871
716 0 2889
715 0 2872
714 0 2872
713 0 2889
712 0 2889
711 0 2889
710 0 2872
709 0 2872
708 0 2872
707 0 2872
706 0 2889
705 0 2889
704 0 2889
703 0 2872
702 0 2873
701 0 2873
700 0 2873
699 0 2873
698 0 2873
697 0 2873
696 0 2888
695 0 2874
694 0 2888
693 0 2888
692 0 2888
691 0 2888
690 0 2883
689 0 2883
688 0 2883
687 0 2883
686 0 2883
685 0 2890
684 0 2890
683 0 2890
682 0 2890
681 0 2890
680 0 2875
679 0 2890
678 0 2891
677 0 2891
676 0 2870
675 0 2870
674 0 2870
673 0 2870
672 0 2870
671 0 2880
670 0 2895
665 0 2850
663 0 2850
662 0 2878
661 0 2878
660 0 2818
659 0 2818
658 0 2879
657 0 2877
656 0 2860
655 0 2860
654 0 2860
653 0 2860
652 0 2860
651 0 2831
650 0 2831
649 0 2877
648 0 2877
647 0 2863
645 0 2840
644 0 2876
643 0 2850
639 0 2864
638 0 2864
637 0 2837
635 0 2871
634 0 2871
632 0 2869
631 0 2868
630 0 2867
629 0 2866
628 0 2865
627 0 2863
626 0 2863
625 0 2863
624 0 2863
623 0 2835
622 0 2793
621 0 2793
620 0 2877
619 0 2858
618 0 3020
617 0 2837
616 0 3020
615 0 2832
613 0 2858
612 0 2832
611 0 2832
610 0 2832
609 0 2832
608 0 2832
607 0 2832
606 0 2832
605 0 2818
604 0 2818
603 0 3020
602 0 2832
601 0 2863
600 0 2863
599 0 2793
598 0 2877
597 0 2793
596 0 2793
595 0 2793
594 0 2793
593 0 2793
592 0 2793
591 0 2877
590 0 2863
589 0 2863
588 0 2863
587 0 2863
586 0 2863
585 0 2863
584 0 2863
583 0 2863
582 0 2863
581 0 2822
579 0 2863
578 0 2863
577 0 2863
576 0 2863
575 0 2863
574 0 2792
573 0 2863
572 0 2863
571 0 2863
570 0 2863
569 0 2863
568 0 2863
567 0 2863
566 0 2864
565 0 2863
563 0 2863
562 0 2863
561 0 2863
560 0 2863
559 0 2863
558 0 2863
556 0 2863
555 0 2863
554 0 2863
553 0 2863
552 0 2863
551 0 2863
550 0 2863
549 0 2863
548 0 2863
547 0 2863
546 0 2863
545 0 2863
544 0 2863
543 0 2863
542 0 2863
538 0 2821
537 0 2821
536 0 2821
535 0 2821
534 0 2858
533 0 2854
532 0 2863
531 0 2862
530 0 2861
529 0 2860
528 0 2860
527 0 2860
526 0 2860
525 0 2860
524 0 2860
523 0 2860
522 0 2860
521 0 2860
520 0 2860
519 0 2860
518 0 2860
517 0 2860
516 0 2860
515 0 2860
514 0 2860
513 0 2860
512 0 2860
511 0 2860
510 0 2860
509 0 2860
508 0 2860
507 0 2860
506 0 2860
505 0 2860
504 0 2860
503 0 2860
502 0 2860
501 0 2860
500 0 2860
499 0 3169
498 0 3169
497 0 2836
496 0 2859
495 0 2836
494 0 2836
493 0 2836
492 0 2836
491 0 2836
490 0 2836
489 0 2836
488 0 2836
487 0 2836
486 0 2836
485 0 2836
484 0 2836
483 0 2837
482 0 2837
481 0 2837
480 0 2837
479 0 2837
478 0 2837
477 0 2837
476 0 2837
475 0 2837
474 0 2837
473 0 2837
472 0 2837
471 0 2837
470 0 2837
469 0 2837
468 0 2837
467 0 2837
466 0 2837
465 0 2859
464 0 2837
463 0 2837
462 0 2837
461 0 2837
460 0 2859
459 0 2837
458 0 2837
457 0 2837
456 0 2837
455 0 2837
454 0 2837
453 0 2837
452 0 2837
451 0 2837
450 0 2837
449 0 2837
448 0 2837
447 0 2837
446 0 2832
445 0 2817
444 0 2854
443 0 2854
442 0 2854
441 0 2854
440 0 2854
439 0 2854
438 0 2854
437 0 2854
436 0 2854
435 0 2821
434 0 2854
433 0 2854
432 0 2854
431 0 2854
430 0 2854
429 0 2854
428 0 2854
427 0 2854
426 0 2854
425 0 2854
424 0 2854
423 0 2854
422 0 2854
421 0 2854
420 0 2854
419 0 2854
418 0 2832
417 0 2858
416 0 2854
415 0 2805
414 0 2819
413 0 2817
412 0 2854
410 0 2832
409 0 2832
406 0 2836
404 0 2857
403 0 2856
402 0 2832
401 0 2855
400 0 2854
399 0 2823
398 0 2823
397 0 2823
394 0 2823
393 0 2839
392 0 2839
391 0 2839
390 0 2851
389 0 2851
388 0 2788
385 0 2849
384 0 2849
383 0 2849
382 0 2849
381 0 2849
380 0 2849
379 0 2816
378 0 2816
377 0 2816
376 0 2816
375 0 2818
374 0 2816
373 0 2809
372 0 2803
371 0 2816
370 0 2803
369 0 2803
368 0 2816
367 0 2816
366 0 2803
362 0 2822
361 0 2822
360 0 2822
359 0 2822
358 0 2822
357 0 2822
356 0 2822
355 0 2822
354 0 2822
353 0 2822
352 0 2822
351 0 2822
350 0 2822
349 0 2822
348 0 2822
347 0 2822
346 0 2822
345 0 2822
343 0 2835
342 0 2806
341 0 2806
340 0 2806
339 0 2890
338 0 2806
337 0 2973
335 0 2806
332 0 2842
329 0 2804
328 0 2848
327 0 2847
326 0 2847
325 0 2847
324 0 2847
323 0 2847
321 0 2974
320 0 2974
319 0 2974
318 0 2977
317 0 2974
316 0 2977
315 0 2977
314 0 2974
313 0 2977
312 0 2977
311 0 2977
310 0 2977
309 0 2977
308 0 2977
307 0 2975
306 0 2977
305 0 2975
304 0 2977
303 0 2977
302 0 2975
301 0 2977
300 0 2975
299 0 2977
298 0 2975
297 0 2977
296 0 2975
295 0 2976
294 0 2976
293 0 2990
292 0 2976
291 0 2976
290 0 2972
289 0 2976
288 0 2973
287 0 2973
286 0 2973
285 0 2844
281 0 2819
280 0 2819
279 0 2819
278 0 2819
277 0 2819
276 0 2819
275 0 2819
274 0 2819
273 0 2819
272 0 2819
271 0 2819
270 0 2819
269 0 2819
268 0 2819
267 0 2819
266 0 2819
265 0 2819
262 0 2838
261 0 2838
260 0 2838
259 0 2838
258 0 2838
257 0 2838
256 0 2838
255 0 2838
254 0 2838
253 0 2838
252 0 2838
251 0 2838
250 0 2838
249 0 2838
248 0 2838
247 0 2838
246 0 2838
245 0 2838
244 0 2838
243 0 2838
242 0 2815
241 0 2815
238 0 2815
237 0 2815
236 0 2815
235 0 2815
234 0 2815
233 0 2815
232 0 2815
231 0 2815
230 0 2815
229 0 2815
228 0 2815
227 0 2815
226 0 2815
225 0 2815
224 0 2815
223 0 2815
222 0 2815
221 0 2815
220 0 2815
219 0 2815
218 0 2815
217 0 2815
216 0 2815
215 0 2815
214 0 2815
213 0 2815
212 0 2838
211 0 2838
210 0 2838
209 0 2838
208 0 2838
207 0 2838
206 0 2813
205 0 2835
204 0 2838
203 0 2838
202 0 2838
201 0 2838
200 0 2838
199 0 2838
198 0 2838
197 0 2838
195 0 2838
194 0 2838
193 0 2838
191 0 2838
190 0 2838
188 0 2838
187 0 2838
185 0 2838
184 0 2838
181 0 2834
180 0 2834
179 0 2834
178 0 2834
177 0 2808
176 0 2822
175 0 2793
174 0 2841
173 0 2818
167 0 2812
165 0 2819
164 0 2819
163 0 2799
161 0 2832
160 0 2793
159 0 2831
158 0 2831
157 0 2831
155 0 2832
154 0 2818
153 0 2822
152 0 2835
151 0 2838
149 0 2838
148 0 2838
147 0 2794
146 0 2811
145 0 2819
143 0 2807
142 0 2803
141 0 3196
140 0 3196
139 0 2806
138 0 2806
136 0 2805
131 0 2839
124 0 2805
123 0 2805
122 0 2808
121 0 2808
120 0 2835
119 0 2815
118 0 2814
117 0 2810
116 0 2819
115 0 2822
114 0 2803
113 0 2803
112 0 2808
111 0 2808
110 0 2808
108 0 2812
107 0 2817
106 0 2814
105 0 2814
102 0 2860
101 0 2812
100 0 2812
99 0 2805
98 0 2805
97 0 2805
96 0 2805
95 0 2805
94 0 2805
93 0 2805
92 0 2819
91 0 2799
90 0 2843
89 0 2818
88 0 2818
87 0 2818
85 0 2818
84 0 2818
83 0 2807
82 0 3185
81 0 2838
80 0 2836
79 0 2836
78 0 2822
77 0 2822
76 0 2837
75 0 2836
74 0 2822
73 0 2835
72 0 2822
71 0 2791
67 0 2835
66 0 2841
64 0 2822
63 0 2840
62 0 3196
61 0 2835
59 0 2794
58 0 2794
54 0 2840
52 0 2841
51 0 3196
50 0 2838
49 0 2808
48 0 2808
47 0 2808
46 0 2786
45 0 2793
44 0 2793
43 0 2808
42 0 2878
41 0 2878
40 0 2878
39 0 2878
37 0 2810
36 0 2808
35 0 2808
34 0 2808
33 0 2810
32 0 2791
31 0 2810
30 0 2878
28 0 2822
27 0 2795
26 0 2808
25 0 2822
24 0 2822
23 0 2853
21 0 2822
20 0 2822
19 0 2822
18 0 2822
17 0 2822
14 0 2835
13 0 3198
10 0 2822
9 0 2822
7 0 2822
6 0 2822
5 0 2822
4 0 2822
3 0 2822
2 0 2822
1 0 2822
0 0 2822
